,RNA_sequence,RNA_structure,Mfes,Fitness,Evals
0,GCAAGUCUCCAGAGAGAGUGUUAGUAGACGCGGUGAUUUCUCGCCGAAUGCGGGUUCUUUGCA,(((((((((....))))(((((....)))))(((((....)))))((((....))))))))).,-17.9,1.0,0
1,GCAAAAGUGCCGUUACUUGAGGUAGGCCUCAGCAGGAAUUCCUGCGAAAUCAGUUUCUUUGCG,(((((((((....))))(((((....)))))(((((....)))))((((....))))))))).,-19.0,1.0,0
2,GCAAGUCCCCAGUGGGAGGGUUAAUAGGCCCGGUCGAAGCUGGCCGAACCUACGUUCCUUGCC,(((((((((....))))(((((....)))))(((((....)))))((((....))))))))).,-23.1,1.0,0
3,GCGGUGCUCGUCAGAGCCGUAUCAAUGUACGGUUUAACAUUGAACUUAGACAGCUAAACCGUU,((((((((.(((.(((((((((....))))))))).............))))))...))))).,-17.5,0.0333333333333,0
4,ACAACAGAUACUGAUCUUGACUAAUAAGUCAGCGAUAAUGAUCGCGAAUUCAAGUUCGUUGUG,(((((((((....))))(((((....)))))(((((....)))))((((....))))))))).,-15.5,1.0,0
5,CUGGUUCUUGAUAAAGACAGCUGUACGGUUGUAUGUCAUCACAUAUGAGAAGCCUCAACCAGC,(((((((((....))))(((((....)))))(((((....)))))((((....))))))))).,-14.2,1.0,0
6,GCGGCGCUCUUCAGAGCCGUAUCAAUGUACGGAUUAAAAUUGGUCUUAGGCAGCUAAGCCGUA,(((((((((....))))(((((....)))))(((((....)))))((((....))))))))).,-18.6,1.0,0
7,GCUAUUGCCGAUUGGCAGGAUUCAUGGAUCUGGUGAUAUGUCGCCGAAAGAACUUUCGUGGUG,....(((((....)))))...(((((((((((((((....)))))...)))...)))))))..,-15.4,0.0384615384615,0
8,GCAGAAUCUCCGGAGAUCGAGUAAGAACUCGCGACGAGUUCGUCGGAAAUACCUUUCUCUGCG,(((((((((....))))(((((....)))))(((((....)))))((((....))))))))).,-18.9,1.0,0
9,GCGGAAGGUCUGUAUCUUGACUAAUAAGUCAGGACGACUUUGUCCGAACUACCGUUCUCCGCG,((((((((((....((((((((....)))))))).))))).....((((....))))))))).,-21.6,0.05,0
10,GCAAAAGUUCAAAGGCUGGGCCAAUAGGUCCGUGAUUCGGAUCACGUGAGGAGUUACUUUGCU,(((((((((....))))(((((....)))))(((((....)))))((((....))))))))).,-17.8,1.0,0
11,UCAAAAGGCGAGAGCCUGGUUUAAUGGAGCCGUUUUUAUUAGAACGAAAGGAUUUUCUUUGAC,(((((((((....))))(((((....)))))(((((....)))))((((....))))))))).,-14.6,1.0,0
12,GCAAAAGUGCCUUUACUUCACGUAUGCGUGACCGGGAAUUCCCGGGAAAUCAAUUUCUUUGCG,(((((((((....))))(((((....)))))(((((....)))))((((....))))))))).,-19.1,1.0,0
13,GCAAGAGUCCAAAGGCUGGGCUAAUCGGUCCGUCAUUACAAUGACGAAAGUAAUUUCCUUGCC,(((((((((....))))(((((....)))))(((((....)))))((((....))))))))).,-18.6,1.0,0
14,GCGAGAGUCGAUAGGCUGGGCCAAUCGGUUCGUGAUUAAAAUCACGAAAGCAAUUUCCUUGCC,(((((..(((((.(((...))).)))))((((((((....)))))))).........))))).,-19.9,0.0344827586207,0
15,GCGAGAGUGGAUAUGCUGGGCCAAUCGGUCCGUGAUCAGAAUCACGAAAGCAAUUUCCUUGCC,(((((...(((..(((((((((....)))))(((((....)))))...))))..)))))))).,-19.8,0.0555555555556,0
16,GCGAAAGUCCAAAGGCUAGGCUAAUCGGUCUGUGGCUCGUGUCACGAAAGAAUUUUCUUUGCC,(((((((((....))))(((((....)))))(((((....)))))((((....))))))))).,-15.5,1.0,0
17,GCGGUGCUCGGGAGAGCGGUAUCAAUGUACUGAAUAAAAUUGUUCGUAGGCAGCUACACCGUU,(((((((((....))))(((((....)))))(((((....)))))((((....))))))))).,-19.1,1.0,0
18,UCUAAAGGCCGGUGCCUGGUGUAAUCGCGCCGUUAAUAUUUUGACGAAAGGAUUUUCUUAGAC,(((((((((....))))(((((....)))))(((((....)))))((((....))))))))).,-15.9,1.0,0
19,GCAUCUGGCCAAAGCCAGGGUUAAUAGAUCCGUGAUUUGUAUCGCGAAAGAUCUUUCGAUGCA,(((((((((....))))(((((....)))))(((((....)))))((((....))))))))).,-20.6,1.0,0
20,CGUAAUGACGAUUGUCAGGAUUCCUAAAUCCGUUCAGAGAUGGACGAAAGAAAUUUCUUACGC,(((((((((....))))(((((....)))))(((((....)))))((((....))))))))).,-14.7,1.0,0
21,GCAUAACUCCCGUGAGUGGGUUAAUAGACCUGUUAAAACCUUGGCGAAAGAACUUUCUGUGCA,(((((((((....))))(((((....)))))(((((....)))))((((....))))))))).,-13.7,1.0,0
22,CCGGUGGUGGUCACACCGGUUUUCUGGAACCGAAUGAAGUCGUUCUGGGCAAGCUCGACCGGU,(((((((((....))))(((((((((((((.((......)))))))))).)))))..))))).,-22.4,0.0434782608696,0
23,CCGGGGGUGGUCACACCGAUUUUCCGGAAUCGAAUGAAAUCGUUCUGAGCAAGCUCGUCCGGU,(((((((((....))))(((((....)))))(((((....)))))((((....))))))))).,-19.6,1.0,0
24,GCCAAAAUCUAGUGAUUGGAUUUAAGGAUCCGGUGAUAAAUCGCCCUAGGAGCCUGGUUGGCC,(((((((((....))))(((((....)))))(((((....)))))((((....))))))))).,-19.0,1.0,0
25,GUGAGAGUCGAUAGGCUGGGCCAAUCGGUCCGUGAUUAGAAUCACGAAAGCAAUUUCCUUACC,(((((((((....))))(((((....)))))(((((....)))))((((....))))))))).,-20.4,1.0,0
26,CUGGGUCUUGAUAAAGACAGCUGUAAGGUUGGAUGUCAUCACAUCUGAGAAGCCUCAUCCAGC,....(((((....))))).((((..(((((((((((....))))))....)))))....)))),-17.1,0.0384615384615,0
27,CUGGUUCUUGAUAAAGACAGCUGUACGGUUGGAUGUCAGCACAUCGGAGAAGCCUCCACCAGC,(((((((((....))))(((((....)))))(((((....)))))((((....))))))))).,-19.6,1.0,0
28,GCGUUGCUCUUCGGAGCCGUAUCAAUGUACGGAAUAAAAUUGUUCUUAGGCAGCUAAAACGUU,(((((((((....))))(((((....)))))(((((....)))))((((....))))))))).,-14.6,1.0,0
29,UCUAAAUGCUGGAGCAUGGUUUAAUAGAGCCGUGAUCAAUAUUACGUAAGCACUUACUUGGAA,(((((......((.((((((((....)))))))).))........((((....))))))))).,-11.4,0.0454545454545,0
30,GCAGCAUCUCGGUAGAUGGACUAAGCAGUCCCGACGAGUUCGUCGGAAAUACCUUUCGCUGUG,(((((.....((((....((((....))))((((((....))))))...))))....))))).,-20.3,0.0384615384615,0
31,UCAGAGCUCGAGUGAGUGUGUUAAUCGACACGGUGCUAUAGCGCCGAAAGAAGUUUCUUUGAA,(((((((((....))))(((((....)))))(((((....)))))((((....))))))))).,-17.9,1.0,0
32,GCAGAAUCUCCGUAGAUGGACUAAGAAGUCCCGACGAGCUCGUCGGAAAUACCUUUCUCUGCG,(((((((((....))))(((((....)))))(((((....)))))((((....))))))))).,-20.4,1.0,0
33,GCAAACCUGCAGUCAGGGUGUUAUUCGACACGGUGCUAUCGCGCCGAUAUAAGUAUCUUUGCA,(((((((((....))))(((((....)))))(((((....)))))((((....))))))))).,-21.1,1.0,0
34,GCUAAUGACAAUUGUCAGGAUUCGUAGAUCCGUUACGAUAGUGACGAAAUAACUUUCUUAGCC,(((((((((....))))(((((....)))))(((((....)))))((((....))))))))).,-16.2,1.0,0
35,CGUAAUGACGAGUGUUAGGAUUCAUAGAUCCGUUGAAAUAUCGACGAAAAAAAUUUCUUGCGC,(((((((((....))))(((((....)))))(((((....)))))((((....))))))))).,-11.3,1.0,0
36,GCGGUGCUCGUCAGAGCCGUAUCAAUGUACGCAUUAAAAUUGGUGUUAGGCAGCUAAACCGUU,(((((((((....))))(((((....)))))(((((....)))))((((....))))))))).,-15.8,1.0,0
37,ACUAAUGACGAUUGUCAGGAUUCCUAAAUCCGUUGAGAUAUCGACGUAAGAAAUUACUUAGUA,(((((((((....))))(((((....)))))(((((....)))))((((....))))))))).,-14.6,1.0,0
38,CCUAAUGACGAUUGUCAGGAUGCCUAUAUCCGUUGAGAUAUCGACGUAAGAAAUUACUUAGGA,(((((((((....))))(((((....)))))(((((....)))))((((....))))))))).,-16.6,1.0,0
39,CCUAUUGCCGAUUGGCAGGAUCCAUGGAUCUGGUGACAUUUCGCCGAAAGAACUUUCGUGGGG,(((((((((....))))(((((....)))))(((((....)))))((((....))))))))).,-19.3,1.0,0
40,GCAAGUCCCCAGUGGGAGGUUUAUUAGAGCCGAGCAAAUCUGUUCAAACGUAAGUUUCUUGCG,(((((((((....))))(((((....)))))(((((....)))))((((....))))))))).,-19.4,1.0,0
41,GCGGUGCUCGGCAGAGCGGUAUGAAUGUACUAAAUAAAAUUGUUUUUAGGAAGCUAAACCGUG,(((((((((....))))(((((....)))))..............((((....))))))))).,-15.0,0.0909090909091,0
42,GCAAGUCUCCAAAGAGAGUGUUAGUAGACGCGCUGGUUUCUCGGCGAAUGCGGGUUCUUUGCA,(((((((((....))))(((((....)))))(((((....)))))((((....))))))))).,-16.7,1.0,0
43,GCGGUGCUCGUCAGAGCCGUAUCAAUGUACGGAUUAAAAUUGAUUUUAGACAGCUAAACCGUU,((((((((.(((((((((((((....))))))...........)))).))))))...))))).,-15.0,0.0344827586207,0
44,GCACAAGCUCGGUAGCUGGUCGAAGAUGGCCGGAGGACUUCUUCCGAUAUAACUGUCUGUGCG,(((((((((....))))((((......))))(((((....)))))((((....))))))))).,-21.4,0.333333333333,0
45,UUAAAGCUCCAGUGAGUGUGUUAAUAGACACGGUACCAAAGUGCCGGAAGAAGUUUCUUUGAA,.....((((....))))(((((....)))))(((((....))))).(((((....)))))...,-14.2,0.0769230769231,0
46,GCGAAAGUACAAAUGCUAGGCUAAUCGGUCUGUGGGUUGUUUCACGAAAGAGCUUUCUUUGCC,(((((((((....))))(((((....)))))(((((....)))))((((....))))))))).,-11.0,1.0,0
47,CUGGUGGUGGCCACACCGGUCUGAUGAGACCGAAUGAAAUCGUUCUGAGUAAGCUCAACCAGU,(((((((((....))))(((((....)))))(((((....)))))((((....))))))))).,-25.5,1.0,0
48,GCAUAAGGCCAGAGCCUGGGUUAAUAGAUCCCUGAUUUGCAUCGGGCAACAUCUUGCUAUGCC,(((((((((....))))(((((....)))))(((((....)))))((((....))))))))).,-17.4,1.0,0
49,GCGGAGGGUCUGUAUCUUGACUAAGAAGUCAGGACGACUUCGUCCGAACUACCGUUCUCCGCG,((((((((.(.(((...(((((....)))))(((((....)))))....))).))))))))).,-24.5,0.0625,0
50,GCGGUGCUCGGCAGAGCGGUAUAAAUGUACUGAAUAAAAUUGUUCUUUGGCAGCGAAACCGUG,((((((((.(.(((((((((((....))))))............))))).))))...))))).,-17.1,0.0357142857143,0
51,GCAAAAGUGCCGUUACUUGACGUAGGCGUCAGCAGGAAUUCCUGCGAGAUCCAUUUCUUUGCG,(((((((((....))))(((((....)))))(((((....)))))((((....))))))))).,-18.3,1.0,0
52,GCUCAAGGUCCGUAUCUGGACUAGGAAGUCCGGAGGACUUCUUCCGAAAUAAGUUUCUGAGCG,(((((.(((((......)))))(((((((((...)))))))))..((((....))))))))).,-23.8,0.030303030303,0
53,ACAACAGCUACUGAGCUUGACUAAGAAGUCAGCGAUAAUGAUCGCGAAUUCAAGUUCGUUGUG,(((((((((....))))(((((....)))))(((((....)))))((((....))))))))).,-17.5,1.0,0
54,GCAAGUCUCCAAAGAGAGUGUUAGAAGACGCGGGGGUUUCUCCCCGAAUGCGGGUUCUUUGCA,(((((((((....))))(((((....)))))(((((....)))))((((....))))))))).,-19.7,1.0,0
55,CCUAUUGCCGAGUGGCAGGAUUCAUGGAUCUGGUGAUAUUUCGCCAAAAGAACUUUUGUGGGG,(((((((((....))))(((((....)))))(((((....)))))............))))).,-16.8,0.111111111111,0
56,ACAACAGCUACUGAGCUUGACUACGAAGUCAGCUAUAAUGAUAGCGAAUUCAAGUUCGUUGUG,...(((((....((((((((...((..((((.......))))..))...))))))))))))).,-17.8,0.0277777777778,0
57,GCAUCAGGCCAGAGCCUGGGUUAAUAGAUCCGUGAUUUGUAUCGCGCAACACCUUGCGAUGCC,(((((((((....))))(((((....)))))(((((....)))))((((....))))))))).,-21.6,1.0,0
58,CCGGUGGCGGCCACGCCGGUUUUAUGGAACCGAAUGAUAUCGUUCUGAGUAAGCUCAACUGGU,(((((((((....))))(((((....)))))(((((....)))))((((....))))))))).,-22.7,1.0,0
59,CCUAAUGGCGAUUGUCAGGAUUCCUAAAUCCGUUCAGAGAUGGACGAAAGAGAUUUCUUAGGC,(((((((((....))))(((((....)))))(((((....)))))((((....))))))))).,-14.9,1.0,0
60,CCUCCUGACCCUUGUCAGGAUUUAUAGAUCCGUUGAGAUAUCGACGAAAGAAAUUUCGGAGGC,(((((((((....))))(((((....)))))(((((....)))))((((....))))))))).,-20.3,1.0,0
61,GCAGAAUCUCCGGAGAUCGGCUAAGAAGUCGCGACGAAUUCGUCGGAAAUACCUUUCUCUGCG,(((((((((....))))(((((....)))))(((((....)))))((((....))))))))).,-18.3,1.0,0
62,GCAAGUCCCCAGGGGGAUGGUUAAUAGACCAGAUCAAAUCUGAUCGAACGUACGUUCCUUGCA,(((((((((....))))(((((....)))))(((((....)))))((((....))))))))).,-21.8,1.0,0
63,GCAAAAGUCCAAAGGCUGGGCCAACAGGUCCGUGCCUAGGGGCACGAAAGAAUUUUCUUUGCC,(((((.((((..((((((((((....)))))).))))..))))..((((....))))))))).,-25.3,0.0588235294118,0
64,GCGGUUCUCGGCAGAGGGGUAUGAAUGUACUGAAUAAGAUUGUUCUUAGGCAGCUAAACCGUG,(((((((((....))).............(((..(((((....)))))..)))...)))))).,-15.9,0.0333333333333,0
65,GCAGCAUCUCCGUAGAUGGACCAAGCGGUCCCGACGGGUUCGUCGGAAAUACCUUUCGCUGCG,(((((((((....))))(((((....)))))(((((....)))))((((....))))))))).,-24.9,1.0,0
66,GCAUAACUCCCAUGAGUGGCUUAGUAGAGCCGGUAAAAAAUUGCCGGAAGAACUUUCUGUGCA,(((((((((....))))(((((....)))))(((((....)))))((((....))))))))).,-18.2,1.0,0
67,CCGGUGCUGAUCACAGCCGUUUCCCUGAACGGAAUAUAACUGUUCGAAUAAAGGUUUACCGGU,((((((........((((.......(((((((.......)))))))......)))))))))).,-15.9,0.0357142857143,0
68,CCGGGGGUGGUCACACCGGUUUUCUGGAACCUAAUGAAAUCGUUAUGAGCGAGCUCGUCCGGU,((((.((((....))))(((((....)))))..((((..(((((...)))))..)))))))).,-21.2,0.0526315789474,0
69,GCAAAAGUACAAAUGCUAAGCUAAUCGGUUUGUGGGUUGUUUCACGAAAGAGCUUUCUUUGCC,(((((((((....))))(((((......((((((((....))))))))..)))))..))))).,-11.9,0.0666666666667,0
70,GCAAAAGGCUAAAGCCUGGGCCAACAGGUCCGUGCUUAGGAGCACGAAAGAACUUUCUUUGCC,(((((((((....))))(((((....)))))(((((....)))))((((....))))))))).,-23.0,1.0,0
71,GCAAGUCUCCUAAGAGAUUGUUAGUAGACGAGGUGGUUUCUCGCCGAAUGCGGGUUCUUUGCA,((((((((.((((.......)))).))))..(((((....)))))((((....)))).)))).,-15.6,0.047619047619,0
72,UUGAGAGUCGACAGGCUGGGCGAUUCCGUCCGUGAUUAGUAUCACGAAAGAGAUUUCCUUAGU,(((((((((....))))(((((....)))))(((((....)))))((((....))))))))).,-17.9,1.0,0
73,GCAAGCCUCCAGUGAGGGUGUUAUGCGACACGGUGCUAUAGCGCCGAUAUAAGUAUCCUUGCA,(((((((((....))))(((((....)))))(((((....)))))((((....))))))))).,-22.5,1.0,0
74,GCAAAAGUGCCGUUACUUGACGUAUGCGUCACCAGUCAUUGCUGGGAAAUCGAUUUCUUUGCG,(((((((((....))))(((((....)))))(((((....)))))((((....))))))))).,-15.3,1.0,0
75,UCUAAAGGUCAGGACCUGGUGUAAUCGCGCCGUUAAUAUUUUGACGAAAGGAUUUUCUUAGAC,(((((((((....))))(((((....)))))(((((....)))))((((....))))))))).,-14.1,1.0,0
76,GCAAGUCUCCAAAGAGAGGGUUAGUAGACCCGGUGGUUUCUCGCCGAAUGCGGGUUCUUUGCA,(((((((((....))))(((((....)))))(((((....)))))((((....))))))))).,-19.7,1.0,0
77,GCAAGUCCCCAGUGGGAGGGUUAAUAGACCCGAGCCAAUCGGUUCAAACGUAAGUUUCUUGCG,(((((((((....))))(((((....)))))(((((....)))))((((....))))))))).,-24.0,1.0,0
78,GCGGUGCUCGUCAGAGCCGUAUCAAUGUACGGAAUAAAAUUGUUCGUAGACAACUAUACCGUU,(((((((((....))))(((((....)))))(((((....)))))((((....))))))))).,-16.9,1.0,0
79,CCUAGUGACGAUUGUCAGGAUGGAUAUAUCCGUUAAUAUAUUGACGUAAGGAAUUACCUGGGC,(((((((((....))))(((((....)))))(((((....)))))((((....))))))))).,-15.1,1.0,0
80,ACUAUUGACGAUUGUCAGGAUUCAUAGAUCUGGUGAUACAUCGCCGAAAGCACUUUCGUGGUG,(((((((((....))))(((((....)))))(((((....)))))((((....))))))))).,-13.0,1.0,0
81,GCGGCGCUCGUCAGAGCCGUAUCAAUGUACGGAAUAAAAGUGUUCUUAUACAGGUAAGCCGUG,(((((((((....))))..((((..((((.((((((....))))))))))..)))).))))).,-18.1,0.0588235294118,0
82,UCAAAAGGCGAGAGCCUGGUUUAAUGGAGCCGUUUUUAUUAGAACGAUAGGAUUAUCUUUGAC,(((((((((....))))(((((....)))))(((((....)))))((((....))))))))).,-15.2,1.0,0
83,GCAAAACACCAAGGUGUAGGCAAAUCUGUCUGUGAGUUGUUUCACGAAAGAACUUUCUUUGCA,(((((((((....))))(((((....)))))(((((....)))))((((....))))))))).,-16.5,1.0,0
84,UUGGUGGUGGCCACACCGGUUUGAUGAAACCGAAUGAAAUCGUUCUGAGUAAGCUCAACCAAG,(((((((((....))))(((((....)))))(((((....)))))((((....))))))))).,-21.3,1.0,0
85,CAUUAAGUCGACUGACUGGUUCUCUGGAACCGUUGGUAAACCGGCGAAAGAACUUUCUAGUGG,(((((((((....))))(((((....)))))(((((....)))))((((....))))))))).,-16.5,1.0,0
86,CCUAAUGACGAUUGUCAGGAUUGAUAGAUCCGUUUAUAUAUAGAUGUAAGCAGUUACUUGGGC,(((((((((....))))(((((....)))))((((((((....))))))))......))))).,-15.2,0.0588235294118,0
87,GCAAGUCUCCAAAGAGAGGGUUAGAAGACUCGGUGGUUUCUCGCCGAAUGCGGGUUCUUUGCA,(((((((((....))))(((((....)))))(((((....)))))((((....))))))))).,-16.7,1.0,0
88,UCUAAAUGCCGGAGCAUGGUUUAAUAGAGCCGUUAUCAAUAUGACGUUAGAACUAACUUGGAA,(((((((((....))))(((((....)))))(((((....)))))((((....))))))))).,-11.3,1.0,0
89,GGAGAAGGUCCGGACCUUGAUUAAUAAAUCAGUUCGAAGCCGAGCGAAAUUAAUUUCUCUUCG,(((((((((....))))(((((....)))))(((((....)))))((((....))))))))).,-14.3,1.0,0
90,GGAGAAUCUCCGGAGAUCGACUAAGAAGUCGCGACGAGUUCGUCGGAAAUACUUUUCUCUUCG,((((...))))(((((.(((((....)))))(((((....)))))((((....))))))))).,-19.5,0.0714285714286,0
91,GCAAAAGUGCCGUUACUUGACGUAUACGUCAGUAGGAAUCCCUACGAAUCCAAAUUCUUUGCG,(((((((((....))))(((((....)))))(((((....)))))((((....))))))))).,-16.5,1.0,0
92,GCGAAAGGCCAACGCCUAGGCUAAUCGGUCUGUGGGUCGUUUCACGAAAGAACUUUCUUUGCC,(((((((((....))))(((((....)))))(((((....)))))((((....))))))))).,-15.2,1.0,0
93,GCAGAAUCUCCGGAGAUCGACUAAGAAGUCGCGACGAGUACGUCGGACAUACCUGUCUCUGCG,(((((((((....))))(((((....)))))(((((....)))))((((....))))))))).,-21.0,1.0,0
94,UCAGAAUCUCCGUAGAUGGACUAAGAAGUCCCGACGAGCUCGUCGGAAAUGCCUUUCUCUGGG,(((((((((....))))(((((....)))))(((((....)))))((((....))))))))).,-17.1,1.0,0
95,GGAGAAGGUCUGGACCUUGCUAAAUAUAGCAGCUAGAAUCCUAGCGAAAUUAAUUUCUCUUCG,(((((((((....))))(((((....)))))(((((....)))))((((....))))))))).,-17.5,1.0,0
96,GCGGUGCUCGUCAGAGCCGUAGCAAUCUACGGAUUAAAUUUGGUCUUAGGCAGCUAAACCGUA,(((((((((....))))..((((..((((.((((((....))))))))))..)))).))))).,-18.8,0.0588235294118,0
97,CCUAAUGGCGCUUGCCAGGAUUCGUAGAUCCGUUACGAUAGUGACGAAAUAACUUUCUUAGGC,(((((((((....))))(((((....)))))(((((....)))))((((....))))))))).,-17.8,1.0,0
98,GCAAAAGUGCCGUCACUUGACGUAUGCGUCACCAGGAAGUCCUGGGAAAUCAUUUUCUUUGCG,(((((((((....))))(((((....)))))(((((....)))))((((....))))))))).,-20.1,1.0,0
99,GCAAAAGACCAAAGUCUAGGUUUAUCGAUCUGAGAGUUGGUUCUCGAAAGAACUUUCUUUGCA,(((((.((((((..((((((((....))))).))).))))))...((((....))))))))).,-13.6,0.047619047619,0
100,GCGGUGCUCGUCAGAGCCGUAUCAAUGUACGGAUUAAAAUUGAUCUUAGACAGCUAAACCGUU,(((((((((....))))(((((....)))))(((((....)))))((((....))))))))).,-16.6,1.0,0
101,CCUAAUGACGAUUGUCAGGAUUCCUAAAUCCGUUCAGAGAUGGACGAAAGAAAUUUCUUAGGC,(((((((((....))))(((((....)))))(((((....)))))((((....))))))))).,-15.5,1.0,0
102,CCUAAUGACGAUAGUCAGGAUUCGUAGAUCCGUUACGAUAGUGACGAAAGAACUUUCUUAGGC,(((((((((....))))(((((....)))))(((((....)))))((((....))))))))).,-16.7,1.0,0
103,GUAAAAGUGCCGCUACUUGACGUAUGCGUCACCAGGAAUUCCUGGGAAAUCAAUUUCUUUGCG,(((((((((....))))(((((....)))))(((((....)))))((((....))))))))).,-15.6,1.0,0
104,GCAAAGCUCCAGUGAGUGUGUUAAUAGACACGGUACUACAGUGCCGGAUGAAGAUUCUUUGCA,(((((((((....))))(((((....)))))(((((....)))))((((....))))))))).,-18.2,1.0,0
105,UCUAAAUGCCGGAGCAUGGUUUAAUAGAGCCGUUAUCAAUAUGACGUAAGCACUUACUUGGAA,(((((((((....))))(((((....)))))(((((....)))))((((....))))))))).,-11.3,1.0,0
106,GCGAGAGUCGAUAGGCUGGGCCAAUCGGUCCGUGAUUAGAAUCACGAAAGCAAUUUCCUUGCC,(((((((((....))))(((((....)))))(((((....)))))((((....))))))))).,-22.0,1.0,0
107,CGUAAUGACGAGUGUUAGGAUUCAUAGAUCCGUUGAAAUAUCGACGAAAUAAAUUUCUUGCGC,(((((((((....))))(((((....)))))(((((....)))))((((....))))))))).,-11.1,1.0,0
108,GCGGAAGGUCUGUAUCUUGACUAAUAAGUCAGGACGACUUCGUCCGAACUACCGUUCUCCGCG,(((((((((....))))(((((....)))))(((((....)))))((((....))))))))).,-23.0,1.0,0
109,CCUAAUGACGAGUGUUAGGAUUCUUAGAUCCGUUGAAAUAUCGACGAAAGAAAUUUCUUGGGC,(((((((((....))))(((((....)))))(((((....)))))((((....))))))))).,-12.7,1.0,0
