,RNA_sequence,RNA_structure,Mfes,Fitness,Evals
0,GUGAACCCAAAAAAGGGACCCCCAAUGGGGAAGUUGCACAUAACUACGAACUAACGAAACGCA,(((..(((......))).((((....)))).(((((....))))).((......))...))).,-12.3,0.0769230769231,0
1,AAAUUGAAACGGAAAUUAAACACACUUGUUACGGGUAAAGACUCGGAGAAAGAAUUCGGAAAA,........................(((....(((((....)))))....)))...........,-6.2,0.0238095238095,0
2,CAGGACACAACAGAGUGAACCCCAAUGGGAACAGUUAAAAAAUUGAAAAAUGAAAAAACCUGA,((((.(((......)))..(((....)))..(((((....))))).............)))).,-9.4,0.0588235294118,0
3,GAAGAAAAGUGAUUAUAACCCGCAACUGGGAGUGUGGAUAUAUACAAGAGUGAACAAACUUUG,..................(((......))).(((((....))))).(((((......))))).,-9.2,0.04,0
4,GAGGUAACUAAAUAGUAAUCCACAAGAGGAAGGAUGGAAAUAUCCAUAACGCCAAGAACCUUG,(((((.(((....)))..(((......))).(((((....)))))............))))).,-10.2,0.0666666666667,0
5,GAGGAACAAAACUUUGAACCCUGGUUGGGGAGGAUGGGAAUAUCCGAGGCUCACCACACCUUG,.(((..(((....)))...)))((((((.(((..(.(((...))).)..))).))).)))...,-15.3,0.027027027027,0
6,GAUGAAACGAGAUCGUAGUCCAAAAGAGGAUGGAUGGAAUUAUCCAUACCCCAGAGAACGUUG,.....((((...((...((((......))))(((((((....))))).))...))...)))).,-11.1,0.04,0
7,UAAAGUACACAAAAGUGAUCCUCAACAGGAAAGUGGCUAAUCACUAUGAAACAAUAACAAAAA,.......(((....))).((((....)))).((((......))))..................,-6.9,0.037037037037,0
8,UAUGGGAGAGAAAACUCAUACCCAAAGGUAAAGAUUCCUGGAUCUGAGAGUCAACACUCAAAA,..((((.(((....)))...)))).((((..((....))..))))..((((....))))....,-12.2,0.0294117647059,0
9,GAUGAAACGAAAUCGUAGUCCAAAAGAGGAUGGAUGGAAGUAUCCAUAACCCAAAGAACGUUG,(((........)))...((((......))))(((((....)))))..................,-9.2,0.037037037037,0
10,GAGGAAACUGAAUAGUAGUACACAAGAGUACGGAUGGACAUAUCCAUAAGGCCAAGAACCUUU,.................((((......))))(((((....)))))..((((.......)))).,-9.3,0.04,0
11,CAGGAGACACCAGAGUCAACCCCAAUGGGAACAGUUAAAAAAUUGAAAAAUGAAAAAACCUGA,((((.(((......)))..(((....)))..(((((....))))).............)))).,-10.1,0.0588235294118,0
12,GACGAAAAAUAAUAAUAUCCCCCAGAGGGGGUCGAGGAUAUUCGAAGAACUGAAAUAACGUUG,((((..............(((((...)))))(((((....))))).............)))).,-12.6,0.047619047619,0
13,CGGAACAGAACAGAUUGCACCCCAUUGGGAGCAGUCGAGGGAUUGAAAGAAGAUAAAAACCGA,............((((((.(((....))).))))))..((..((...........))..))..,-12.6,0.0263157894737,0
14,CCGAUCACUACAGGGUGAACCCCAACGGGAACUGUCGAAUGAUAGAAAAAUGAAAAAGACGGA,(((.(((((....))))).(((....)))..(((((....)))))..............))).,-13.4,0.0625,0
15,CCGAUCACUACAGGGUGAACCCCAGCGGGAACAGUCGAAAGAUUGAAAAAUGAUAAAGACGGA,(((.(((((....))))).(((....)))..(((((....)))))..............))).,-13.8,0.0625,0
16,GUGUACCCAAUAAAGGGAUCCCCAAUGGGAAAGUUGCACAUAACUACGAACUAACGAAGCGCA,((((.(((......))).((((....)))).(((((....))))).((......))..)))).,-12.5,0.0909090909091,0
17,UAAAACGCACAAAAGCGGUCCUCGACAGGAUAGUUGCUGAUAACUAGGAAGAAAUUAUAAAAA,.....(((......)))(((((....)))))(((((....)))))..................,-8.8,0.047619047619,0
18,GAGGAUAGUAAGUACUAAUCCAUAAGAGGAAGGAUGGACAUAUCCGUAACGCAAAGCACCUUA,..(((((((....))).))))....((((..(((((....))))).....((...)).)))).,-10.6,0.0416666666667,0
19,GAGGAAAAAUAAUAAUAUCCGCCAGUGCGGGGCGAGGAUAUUCGCAGAAGUGAAAUAACCUUG,.................(((((....))))).(((((.(((((((....))).)))).))))),-14.7,0.03125,0
20,GAGGAAACCAGGUGGUAAUACACAAGAGUAAGGUUGAAAACAGCCAUAACGCAAAGAACCUUG,((((..(((..(((......)))..).))..(((((....))))).............)))).,-10.3,0.0357142857143,0
21,CAGGUAACAAAAUUGUAAUCCACUAGAGGAAGGAUGGAAAUAUCCAUCACACAAGGAACCUGU,(((((..(..........(((......)))..((((((....))))))......)..))))).,-14.6,0.0416666666667,0
22,GAUGAAAAGAAAUCAUAACCCAGAUUAGGGAGGGUGGAAAUAUCCAAGGCACAUCAAACAUUG,((((..............(((......))).(((((....)))))......))))........,-9.7,0.037037037037,0
23,CAGGUUACAAAAUUGUAAUCCACUAGAGGAAGGAUGGAAAUAUCCAUUACACAAGGAACCUGG,((((((.(.....((((((((......))).(((((....))))).)))))....))))))).,-14.4,0.0555555555556,0
24,CAGGAACCAAAGUUGGAAUUCACAAGAGAAAGGAUGCAAAUAUCCAUAACGCAAAGAACCUGU,((((..(((....)))..(((......))).(((((....))))).............)))).,-8.4,0.0588235294118,0
25,GAGGUAACAAAAAUGUAGUCCACAAGAGGAUUGAUGGAGAUAUCGAUAACGCCAAGAACCUUG,(((((..........((((((......))))))((.((....)).))..........))))).,-9.2,0.037037037037,0
26,UAUAGGAGAGAAAACUCAUUCCUAAAGGAAAAGAUUCAAGGAUCUGGAAGUCAAACCUUAAAA,..((((((.((....)).))))))((((......(((.((...)).)))......))))....,-9.9,0.025,0
27,UAAAAUACACAAAAGUAGUCCUCGACAGGGUAGUUGCUGAUAACUAUGAGGAAAUAAUAAAAA,..................(((((......(((((((....))))))))))))...........,-9.0,0.027027027027,0
28,UAAAGAACACAAAAGUUAUCAUCAACAUGAAAGUUGCUAAUAACUAUGAAGAAAUAACAAAAA,.............((((((...((((......))))...))))))..................,-6.7,0.0222222222222,0
29,CCGUAAACGACAGUGUUAAUCCGAAUGGAAACAGUCAAAAGAUUGAACAUAGAAGAAAGCGGC,((((........(((((..(((....)))..(((((....))))))))))........)))).,-10.2,0.04,0
30,GUGGAAACUACGUAGUAAUCCACAAGAGGAAGGAGGUACACCUCCAGAACGCAAAUAACCAUG,(((((.(((....)))..)))))........(((((....)))))..................,-15.1,0.037037037037,0
31,GAGUUAGGAAACCACUUAACCACAUGAGGAAGGACUGCAAAGUCCAAAACUGUAAAAGACUUG,(.((((((......)))))))..........(((((....)))))..................,-11.4,0.037037037037,0
32,CCGAUGACUCCAAGGUUAGCCCCAACGGGUACAGUCGAAAGAUUGAAAAAUGAAAAAGACGGA,(((.(((((....)))))((((....)))).(((((....)))))..............))).,-13.1,0.0714285714286,0
33,CGGUACACAACAGAGUGAACGCCAAUGUGAACAGUUAAAGAAUUGAAAAAUGAAAAAAGCCGG,((((.(((......)))..(((....)))..(((((....))))).............)))).,-7.0,0.0588235294118,0
34,GAGGAAACGAGAUCGUACUCCAAAAGAGGAGGGAUGGAAUUAUCCAUAACGCAAAGAACCUUG,((((..(((....))).((((......))))..(((((....)))))...........)))).,-13.0,0.047619047619,0
35,GAGGAAACAAAAUUGUACUCCACAAGAGGAGGGAUGGAAAUAUCCAUUACGUAAAAAACCUUG,((((..(((....))).((((......)))).((((((....))))))..........)))).,-13.0,0.05,0
36,GAUGAACGGAAAUCCGAACCCAGAUUAGGGAGGAUGGAAGUAUCCAAGGCUCACCAAACGUUG,((((..(((....)))..(((......))).(((((....)))))..((....))...)))).,-12.2,0.0769230769231,0
37,UCGUAAACGACAGUGUUAACCCCAAUGGGUACAGUCAAAAGAUUGCAAAUAGAAAAGAGCGGA,((((.(((......))).((((....)))).(((((....))))).............)))).,-9.2,0.0666666666667,0
38,GAGUACGAAAAAUUACGACCCACACCAGGGACGACGGAACUGUCGUAUACACAAGUAAGCUUG,..((((((.......((.(((......))).)).........))))))...((((....)))),-11.5,0.03125,0
39,GAGGAAGCGAGAUCGCACUCCAAAAGAGGAGGGAUGGAAAUAUCCAUAACGCAAAGAACCUUG,((((..(((....))).((((......))))(((((....))))).............)))).,-15.6,0.0666666666667,0
40,GAGGAACGAAAAUUCGAACCCAGAUGAGGGAGGACGGAAAUGUCCAAGGCUCACCAAACCUUG,((((..(((....)))..(((......))).(((((....)))))..((....))...)))).,-14.3,0.0769230769231,0
41,CCGUAAACGACAGUGUUAACCCCAAUGGGUACAGUUAGAAAAUUGAAAUUAGAAAAAAGCGGA,((((.(((......))).((((....)))).(((((....))))).............)))).,-9.3,0.0666666666667,0
42,CCGGACACACCUGAGUGAACCCCAAUGGGAACAGUUUAAAAAUUGAAACAUGAGUAAACCGGA,((((.(((......)))..(((....)))..(((((....))))).............)))).,-10.6,0.0588235294118,0
43,GAUGACAAACAUCAAUGUGUCCUGAGGGGCAGUAUGGAUAUAUGCAAAACUUAAAAAACAUUG,((((.....))))....(((((....)))))(((((....)))))..................,-10.3,0.037037037037,0
44,AAGAACCCAAAGAAGGGAUCCCCUAUGGGAAAGUGGUUCAUUACUACGAACUAAUGAAACUAA,.....(((......))).((((....))))...((((((((((........))))).))))).,-13.5,0.0357142857143,0
45,UCGUAAACGACAGUGUUAACCCCAAUGGGUACAGUCGAAAGAUUGAAAAUAGAAAAAAGCGGA,((((.(((......))).((((....)))).(((((....))))).............)))).,-10.0,0.0666666666667,0
46,GAGGAAAAUAAAUAAUAUCCCCGAGAGGGGGGGGAGGAUGUUCCCACAACUGAAAGAACCUUG,((((.............(((((....)))))(((((....))))).............)))).,-16.1,0.0526315789474,0
47,GUGAACCCAAAAAAGGGGUCCCCAAUGGGACAGUUGCACAUAACUACGUACUGGCGAAACGCA,(((..(((......)))(((((....)))))(((((....))))).(((....)))...))).,-16.0,0.111111111111,0
48,CCGUAAACGACAGUGUUAACUCCAAUGAGUACAGUCAAAAGAUUGAAAAAAGAAAAAAGCGGG,((((.(((......))).((((....)))).(((((....))))).............)))).,-9.9,0.0666666666667,0
49,CAGGACACACCAGAGUGAACCCCAAUGGGAAUAGUUAAAAAAUUAAAAAAGGAAAAAACCUGA,((((.(((......)))..(((....)))..(((((....))))).............)))).,-7.8,0.0588235294118,0
50,GAGUGAAAACUCCAAUAAACCACAUUAGGAAGGACUGCAAAGUCCAAAACUGAAAAAUAUUUG,((((....))))............((((...(((((....)))))....))))..........,-12.3,0.0238095238095,0
51,GACAAUAAAAUAAAAUGUAGCCCAUAGGCUAAAUUUGGCAGAGUUAGAAGACAAAUAAAGACU,............((((.(((((....))))).))))...........................,-7.1,0.0263157894737,0
52,CCGAUCACUACAGGGUGAUCCCCAACGGGAACAGUCGAAAGACUGAAAAAGGAAAAAGACGGA,(((.(((((....)))))((((....)))).(((((....)))))..............))).,-17.5,0.0714285714286,0
53,CCGUAAACUACCGAGUUAACCCCAAUGGGUACAGUCAAAAGAUUGAAAAUAGAAAAAAGCGGA,((((.((((....)))).((((....)))).(((((....))))).............)))).,-12.7,0.0769230769231,0
54,CGAAACCCAGCAGAGGGAAACCCAGUGGUAACAGUCGAGAGAUUGAAAAAAGAAAAAAAUCGA,(((..(((......)))..(((....)))..(((((....)))))..............))).,-9.8,0.0526315789474,0
55,UAGGGCAAAAGAAAAUGAGCGCAUAGGUGUAGGAUCGCCUGAUCCCAAAUUGAAAAGCCCUGG,((((((............((((....)))).(((((....)))))...........)))))).,-17.1,0.0588235294118,0
56,GAGGAGAAAAACUUAUUAGCCGGAACUGGUAGGAUGGUAAUAUCCGAGGCUCACCAUACCUUG,((((.......((((((((......))))))))(((((..............))))).)))).,-9.9,0.0322580645161,0
57,GAGGAAACGAGGUCGUACUUCAAAAGAGAAGGGAUGGAUAUAUCCAUAACGCAAAGAACCUUG,.......(((((((((.((((......))))(((((....)))))...)))......)))))),-12.1,0.0344827586207,0
58,UAGGAGAAAAACUUAUUAGCCGGACUUGGUAGGAUGGUAAUAUCCAAGGCUCACCAAACCUGG,...................((((..(((((.((.(((......)))...)).)))))..)))),-12.6,0.0263157894737,0
59,GAGGAGAAAAACUUAUUAGCCGGAACUGGUAGGUUGGUAAUAACCAAGGCUCACCAAACCUUG,((((.....((((((((((......))))))))))(((....)))..((....))...)))).,-12.9,0.0322580645161,0
60,GAGGAGAAGAAAUUAUCACCCGGAAUUGGGAGGAUGGUACUAUCCAAGACUCAUCAAACCUUC,..(((..((..((((((.((((....))))..)))))).)).)))..................,-11.9,0.0285714285714,0
61,AUCAGGACAGCUGAGUUAGCCCCAAAGGGCACGGUCGAAUGAUCGAAGACUGAACAACAGGUA,.((((.....))))....((((....)))).(((((....)))))....(((.....)))...,-16.2,0.037037037037,0
62,CCGAUCACUACAGGGUGAACCCCAACGGGAACAGUCGAAAGAUUGUAAAAUGAAAAAGACGGA,(((.(((((....))))).(((....))).((((((....)))))).............))).,-15.4,0.0625,0
63,CCGAUCACUUCAGGGUGAACCCCAACGGGAACAGUCGAAAGAUUGAAACAUGAGAAAGACGGA,(((.(((((....))))).(((....)))..(((((....)))))..............))).,-13.4,0.0625,0
64,AUGAACCCAAAAAAGGGAUCCCCUAUGGGAAAGUGGCUCAUUACUACGAACUAAUGAAACGAA,.....(((......))).((((....))))...((..((((((........))))))..))..,-12.5,0.0333333333333,0
65,CCGAUCACUACAGGGUGAACCCCAACGGGAACAGUCUAAAGACUGAAUAAGGAAAAAGACGGA,(((.(((((....))))).(((....)))..(((((....)))))..............))).,-14.8,0.0625,0
66,CGGUACACAACCGAGUGAACCCCAAUGGGAACAGUUAAAGAAUUGAAAAAUGAAAAAAGCCGA,((((.(((......)))..(((....)))..(((((....))))).............)))).,-9.5,0.0588235294118,0
67,GAGGAAAAAUAACAAUAUCCCCCAGUGGGGGGCGAGGAUAUUCGCAGUACUGAAGUAACUUUG,..................(((((...)))))(((((....)))))..................,-14.9,0.0344827586207,0
68,GAGAAACGGAAAUCCGAACCCAGAUUAGGGAGGAUGGAAGUAUCCAAGGCUCACCAAAUCUUG,......(((....))).....(((((.(((((..((((....))))...))).)).)))))..,-15.3,0.0277777777778,0
69,AUAAAGAGAAUAAACUUAACCAGAAAUGGAUCGGGCGGAAGCCUGAAGACAGAACAAAAAGAU,...................(((....))).((((((....)))))).................,-11.7,0.0322580645161,0
70,GAGGAACGCAGAUGCGAACCCAGAUUAGGGAGGAUGGAAAUAUUCAAGGCUCGCCAAACCUUG,((((..(((....)))..(((......))).(((((....)))))..((....))...)))).,-11.9,0.0769230769231,0
71,GAUGAAACGAAAACGUAGUCCAAAAGAGGAUGGAUGGAAUUAUCCAUGACCCAACGAACGUUG,...........(((((.((((......))))(((((((....)))))...)).....))))).,-10.1,0.03125,0
72,GAGGAAAAAAAAUUAUAUCCCCCAGAGGGGGGGGAGGGUUUUCUCACAACUGAAAGAACCUUG,.................((((((......))))))(((((((.(((....))).)))))))..,-19.7,0.025641025641,0
73,GAGGAAAAAUAACAAUAUCCCCCAGUGGGGGGCGAGGAUAUUCGCAGAAGUGAAUUAACCUUG,..................(((((....)))))(((((..((((((....))))))...))))),-19.0,0.027027027027,0
74,GAGUUAAGAAACCACUUAACCACAUUAGGUAGGACUGCAAAGUCCAAAACUGUAAAAGACUUG,(.((((((......)))))))..........(((((....)))))..................,-11.7,0.037037037037,0
75,AUCACCACAGCUGAGUGAUCCCGACUGGGGUCCGUCGAAAGAUGGAAGAAAGGACAAGAGAAC,(((((((....)).)))))(((....))).((((((....)))))).................,-15.5,0.0434782608696,0
76,UAUAGGAGAGAUAACUCAUACCUAAAGGUAAAGAUUCAUGGAUCUGGAAGUCAAACCUUAUAA,..((((.(((....)))...))))(((((..(((((....))))).........)))))....,-9.2,0.0357142857143,0
77,UAGUAAGAAAUAUUACAACCCACACCAGGGACGACGGAACUGUCGUAUACACAAGUAAGCUAG,..((((......))))..(((......)))((((((....)))))).................,-11.6,0.04,0
78,CCCAUCACUACAGGGUGAACCCCAGCGGGAACAGUCGAAAGACUGAAAAAUGAAAAAGAGGGA,(((.(((((....))))).(((....)))..(((((....)))))..............))).,-17.4,0.0625,0
79,AAAACGAGAUAAAACUCAUGGCCAGAGCUAAAGAUGGACACAUCUGAAAUAAAAAAUGUAAAA,.....(((......))).((((....)))).(((((....)))))..................,-9.1,0.0434782608696,0
80,GAGGAAACGAGGACGUACUUCGAAAGUGAAGGGAUGGAAAUAUCCAUAACGCAAAGAACCUUG,((((...(((((.....)))))...(((...(((((....)))))....)))......)))).,-12.1,0.0294117647059,0
81,AUCAGGACAGCUGAGUUAGCCCCAUAGGGCACUGUCGAAAGAUAGAAGACUGAACAACAGGUA,.((((.....))))....((((....)))).(((((....)))))....(((.....)))...,-16.2,0.037037037037,0
82,CGGUAGACAACAGAGUCAACCCCAAUGGGAACAGUUAAACAAUUGAAAAAUGAAAAAAGCCGA,((((.(((......)))..(((....)))..(((((....))))).............)))).,-10.0,0.0588235294118,0
83,GUGUUUAAAAACAAAUAAACCACCUGAGGAAGGACGACAAUGUCCAAUACUGAAAAAGACAUG,((((((.............((......))..((((......))))...........)))))).,-7.7,0.0434782608696,0
84,CCGAUCACUCCAAGGUGAGCCCCAACGGGUACAGUCGAAAGAUUGAAAAAUGAAAAAGACGGA,(((.(((((....)))))((((....)))).(((((....)))))..............))).,-15.3,0.0714285714286,0
85,GAGGAAACACAAUUGUAACCCGCAAGUGGGAGGAUGGAAAUAUCCAUAACGUCAAGAACUUUG,((.(..(((....)))..(((......))).(((((....)))))....).))..........,-8.8,0.04,0
86,GAAGAAAAAUGAUUAUAACCCGCUAGUGGGAGGGUGGAUAUACCCAAGAGUGAACAAACUUUG,..................(((......))).(((((....))))).(((((......))))).,-13.4,0.04,0
87,GUGGAAACUACGUAGUAAUCCACAAGAGGAAGGAUGAACACAUCCAGAACGCAAAUAACCAUG,(((((.(((....)))..)))))........(((((....)))))..................,-12.9,0.037037037037,0
88,CCGUUAACGACAGUGUUAACCCCAAUGGGUACAGUCAAAAGAUUGAAAAUAGAAAAAAGCGGA,((((((((......))))((((....)))).(((((....))))).............)))).,-12.8,0.0714285714286,0
89,GAGUAAACACAAUUGUAACCCCCAAGGGGGAGGAUGCAAAUAUCCAUAACGCAAAGAAGCUUG,..................((((....)))).(((((....))))).....((......))...,-12.4,0.0344827586207,0
90,GAGGAAACAAAAUUGUACUCCACAAGAGGAGGGAUGGAAAUAUCCAUAUCGUAGAAAACCUUG,((((..(((....))).((((......))))(((((....))))).............)))).,-12.1,0.0666666666667,0
91,AUGCACCCAAAAAAGGGAUCCCCUAUGGGAAAGUGGCCCAUUACUGCGAACUUACGUAGCGAA,.....(((......))).......(((((.......)))))..(((((......)))))....,-13.7,0.0263157894737,0
92,AUGAACCCAAAAAAGGGAUCCCCUAUGGGAAGGUGGCUCAUUACCGCGAACUUACGUAACGAA,.....(((......))).((((....))))..((((.......))))................,-12.2,0.037037037037,0
93,GCGGAAACUGAAUAGUAUUACACAAAAGUAAGGAUGGAAAUAUCCAUAAGGCCAAGAACCGUU,((((..(((....))).((((......))))(((((....))))).............)))).,-8.2,0.0666666666667,0
94,GAGAAUACUAAGUAGUAAUCCAUAAGAGGAAGGAUGGACAUAUCCGUAACUCAAAGCAUCUUG,(.((.((((....)))).)))....(((...(((((....)))))....)))...........,-10.5,0.0333333333333,0
95,GAGUUAAAAACCCAAUUAUCCACAUGAGGGAGGACUGCAAAGUCCAAUACUAUAAAAGACUUG,(((((.....(((..............))).(((((....)))))............))))).,-10.7,0.037037037037,0
96,GAGGAACGUAGAUACGAACCCAGAUUAGGGAGGAUGGAAGUAUCCAAGGCUCACCAAACCUUG,((((..(((....)))..(((......))).(((((....)))))..((....))...)))).,-12.5,0.0769230769231,0
97,GUGAACCCAAAAAAGGGGUCCCCAAUGGGGCAGUUGCGCAUAACUACGAACUAACGAAACGCA,(((..(((......)))(((((....)))))((((.((........)))))).......))).,-14.6,0.0384615384615,0
98,GUGAACCCAAAAAAGGGGUCCCCAAUGGGACAGUUGCACAUAACUACGAACUGACGAAACGCA,(((..(((......)))(((((....)))))(((((....))))).((......))...))).,-14.2,0.0909090909091,0
99,UAUAGGAGUGAAAACUCAUACCUAAAGGUAAAGAUUCUUGGAUCUGGAAGUCAAACCUUAAAA,..((((.((((....)))).))))(((((.....((((.......)))).....)))))....,-12.6,0.025,0
100,GUGAACCCAAAAAAGGGGUCCCCAAUGGGACAGUUGCACAUAACUACGAACUAACGAAACGCA,(((..(((......)))(((((....)))))(((((....))))).((......))...))).,-14.2,0.0909090909091,0
101,GUGAACCCAAAAAAGGGAUCCCCAAUGGGAAAGUUGCACAUAACUACGAACUAACGAAACGCA,(((..(((......))).((((....)))).(((((....))))).((......))...))).,-10.6,0.0769230769231,0
102,GAGGAACGAAAAUUCGAACCCAGAUUAGGGAGGAUGGAAAUAUCCAAGGCUCACCAAACCUUG,((((..(((....)))..(((......))).(((((....)))))..((....))...)))).,-12.8,0.0769230769231,0
103,GAGGAACGGAAAUCCGAACCCAGAUUAGGGAGGAUGGAAGUAUCCAAGGCUCACCAAACCUUG,((((..(((....)))..(((......))).(((((....)))))..((....))...)))).,-14.8,0.0769230769231,0
104,GAGGAACGCAGAUGCGAACCCAGAUUAGGGAGGAUGGAAAUAUCCAAGGCUCACCAAACCUUG,((((..(((....)))..(((......))).(((((....)))))..((....))...)))).,-14.8,0.0769230769231,0
105,CCGUAAACUACCGAGUUAACCCCAAUGGGUACAGUCAAAAGAUUGAAAAUAGAAAAAAGCGGA,((((.((((....)))).((((....)))).(((((....))))).............)))).,-12.7,0.0769230769231,0
106,CCGAUCACUCCAGGGUGAGCCCCAACGGGUACAGUCGAAAGAUUGAAAAAUGAAAAAGACGGA,(((.(((((....)))))((((....)))).(((((....)))))..............))).,-15.3,0.0714285714286,0
107,CCGUAAACGACAGUGUUAACCCCAAUGGGUACAGUCAAAAGAUUGAAAUUAGAAAAAAGCGGA,((((.(((......))).((((....)))).(((((....))))).............)))).,-11.8,0.0666666666667,0
108,GAGGAAACAAAAUUGUACUCCACAAGAGGAGGGAUGGAAAUAUCCAUAACGUAAAAAACCUUG,((((..(((....))).((((......))))(((((....))))).............)))).,-12.1,0.0666666666667,0
109,GAGGAAAAAAAAUAAUAACCCCCAAGGGGGAGGAUGGAUAUAUCCGGUACAGAAGCCACCUUG,((((..............((((....)))).(((((....)))))(((......))).)))).,-17.0,0.0666666666667,0
