,RNA_sequence,RNA_structure,Mfes,Fitness,Evals
0,GUGGCCGGCUGAUGCUGUUCUCGUUCGGGAAAGUCUCGUAAGAUUGCACUUUCGUGCGCCGCC,(((((((((....))))(((((....)))))(((((....)))))((((....))))))))).,-21.9,1.0,0
1,UGAUGGGCCACAUGGCCGUGUUGAUUGACACUGUCGCUGGCGACAGCGAACCCUCGCUAUCGA,(((((((((....))))(((((....)))))(((((....)))))((((....))))))))).,-22.5,1.0,0
2,UCGGUCCCCUAUCGGGGGUUUCGAAUGAAACGGUGCUCGUGCACUAUAGUCUCCUGUGCCGAA,(((((((((....))))(((((....)))))(((((....)))))((((....))))))))).,-24.0,1.0,0
3,GUGAGCCCAGGAAUGGGGCUAACUUAUUAGCCGCUACACUUAGCGGCGUACUUACGCCUCGCC,(((((((((....))))(((((....)))))(((((....)))))((((....))))))))).,-23.0,1.0,0
4,UCAGCCCCCUUCAGGGGGUGGCCAUUGUUACAGUACUUCUGUACUACUGGCUCCAGUGCUGAA,((((((((((...))))).(((((.((.(((((.....))))).)).))))).....))))).,-23.3,0.0344827586207,0
5,GCGUUCCCUUAUAGGGGGUUACGAACGUAACGGUUCUUGUGAACCACUGGCCCCAGUGGCGCA,(((((((((....))))(((((....)))))(((((....)))))((((....))))))))).,-24.0,1.0,0
6,CUGGCCUGCAGAUGCAGAUCGCGUUUGCGAUAGUCUCAUAAGAUUGCCCUUGCGGGCGCCGGC,(((((((((....))))(((((....)))))(((((....)))))((((....))))))))).,-26.4,1.0,0
7,GCAUGGGCCAAAUGGCCGUUUCGCUUGAAACUGUCGCUGGCGACAGCGCAUUCGCGCUAUGCA,(((((((((....))))(((((....)))))(((((....)))))((((....))))))))).,-27.4,1.0,0
8,GUGGGUUCCUAAAGGAAGUUGACAUAUCGACGCUUGAUUUUAAGUGGGGAUUCCCCCCCCACA,(((((((((....))))(((((....)))))(((((....)))))((((....))))))))).,-22.6,1.0,0
9,GCGUGGGCCAAAAGGCCGUGUCGUUUGACACUGUCGCUGGCGACAGCGGACUCUCGCUAUGCA,(((((((((....))))(((((....)))))(((((....)))))((((....))))))))).,-26.6,1.0,0
10,GCACACCCCAAGUGGGGCGCUCCAACGGGUGAGUUGUCGUUAACUGAGUGAUUACUUUGUGCC,(((((((((....))))(((((....)))))(((((....)))))((((....))))))))).,-19.8,1.0,0
11,UCUGUUGACAAACGUCAGAGCUUAUUAGUUCGGUUUCAUUGAACCGGGUAUCGGCCUACGGGG,(((((((((....))))(((((....)))))(((((....)))))((((....))))))))).,-16.9,1.0,0
12,UAGGGGCUCAAUAGAGCGUUACCAUCGUGACUGUUCGGGUGAACAACGGACUCCUGUUCCUAA,(((((((((....))))(((((....)))))(((((....)))))((((....))))))))).,-19.0,1.0,0
13,GCAUGGGCCAAAUGGCCGUGUCGUAUGACACUGUCGCUGGCGACAGCGGACUCUCGCUAUGCA,(((((((((....))))(((((....)))))(((((....)))))((((....))))))))).,-27.0,1.0,0
14,GUUGUCCCCUAGAGGGGGUCACAUUUGUGACUGCUCUUAUGAGUAACUGGCUCCAGUGCGACA,(((((((((....))))(((((....)))))(((((....)))))((((....))))))))).,-24.8,1.0,0
15,GGCGUGUCCAAAGGGAUGUAGCCAUGGCUACGGGGUCCUCACCCUGCAUGGCUAUGCACGCCA,(((((((((....))..(((((((((....((((((....)))))))))))))))))))))).,-31.9,0.05,0
16,GCGGUCCCCUAUCGGGGGUUUCGAAUGAAACGGUACUGGUGUACUACAGUCUCCUGUGCCGCC,(((((((((....))))(((((....)))))(((((....)))))((((....))))))))).,-25.4,1.0,0
17,GCUGUCCCCGAUAGGGGUUUACCAAGGUAAGUAUUCUUGCGAAUAACUGACUCCAGUGCGGCA,(((((((((....))))(((((....)))))(((((....)))))((((....))))))))).,-20.1,1.0,0
18,GAGGGUCUCAUCAGGGGGUAACCAUUGUUACGGUUCUCGCGAACUUAUGAUUCCAUGCCCUCA,(((((((((....))).(((((....)))))(((((....))))).(((....))))))))).,-17.8,0.333333333333,0
19,GUGGGUUCCUAAUGGAAGUUGACAUAUCGACGGUUGGUUUUAACUGGGGAUUCCCCCCCCACA,(((((((((....))))(((((....)))))(((((....)))))((((....))))))))).,-23.4,1.0,0
20,UAAUGGGCCAAAUGGCCGUGUUGCUUGACACUGUCGCUGGCGACAGCGGACCCUCGCUAUUGA,.....((((....))))..((((((((((...))))..))))))(((((....))))).....,-20.8,0.0344827586207,0
21,GUGUCCCGCAGCUGCGGAUCUCGUUGGAGAUAGUGUGGUAACAUUGCUCUUUAGAGCGGCGCC,(((((((((....))))(((((....)))))(((((....)))))((((....))))))))).,-24.2,1.0,0
22,GGAUGGGCCGAAUGGCCGUGUCGCUUGACACUGGCGCUGGCGUCAGCGGACUCUCGCUAUCCA,(((((((((....))))(((((....)))))(((((....)))))((((....))))))))).,-26.6,1.0,0
23,GCGGUCCCCUAUGGGGGGUUACCAAUGUAACGGUGCUUGUGUACUACUAUCUCUGGUACCGCA,(((((((((....))))(((((....)))))(((((....)))))((((....))))))))).,-23.3,1.0,0
24,GCGGUCCCCUAUGGGGGGCUACGAAGGUAGCGGUGCUUGUGUACUACUGAGUCCAGUACCGCA,(((((((((....))))(((((....)))))(((((....)))))((((....))))))))).,-29.6,1.0,0
25,CUGGCCCGGCGAUCCGGAUCACGCUUGUGAUAGUCUGGUAAGAUUGCGCUGUGGCGCGCCGGC,(((((((((....))))(((((....)))))(((((....)))))((((....))))))))).,-25.4,1.0,0
26,UCGGACCACGUAAGUGGCUAGCCAUUGUUAGAGUAGUUGUCUACUACUGGCUCCAGUUCCGAA,(((((((((....))))(((((....)))))(((((....)))))((((....))))))))).,-21.2,1.0,0
27,GUGGCCCGGAGAUCCGGAUCACGCUUGUGAUAGUCUUGUAAGAUUGUGCUGUGGCACGCCGCC,(((((((((....))))(((((....)))))(((((....)))))((((....))))))))).,-24.4,1.0,0
28,GCGCUCCCCUAUCGGGGGUUUCGAAUGAAACGGUGCUUGUGCACUACGGCCUCCCGUGGCGCC,(((((((((....))))(((((....)))))(((((....)))))((((....))))))))).,-28.3,1.0,0
29,GCUGUCCCUGAUAGGGGGUUACCAAGGUAACUAUUCUUGUGAAUAACUGACUCCAGUGCGGCA,(((((((((....))))(((((....)))))(((((....)))))((((....))))))))).,-21.7,1.0,0
30,AACGGCCCGUAAACGGGGUCGCGCUGGCGACGCUUUCCCCAGAGCGCAUUUCCAUGCUCGUUG,(((((((((....))))(((((....)))))(((((....)))))((((....))))))))).,-23.2,1.0,0
31,GAUCACGCGAAUUCGUGGGCCCCAACGGGUCACUUUUUUAAAAGUGUGUGCUUGCAUUGAUCG,(((((((((....))))(((((....)))))(((((....)))))((((....))))))))).,-18.1,1.0,0
32,GGGGGCCUCAUCAGGGGGUAACCAGUGUUACGGUUCUCGCGAACUUAUGACUCCAUGCCCCCA,(((((((((....))))(((((....)))))(((((....)))))((((....))))))))).,-22.6,1.0,0
33,GCUGUCCCCGAUAGGGGGUUACCAAGGUAACUAUUCUUGUGAAUAACUGACUCCAGUGCGGCA,(((((((((....))))(((((....)))))(((((....)))))((((....))))))))).,-24.3,1.0,0
34,GCGGGGCCUCAUAGGGUGUAACCAUAGUUACGGUUGUUGUCAACUACUGAAUGCAGUUCCGCA,(((((((..(((..((((((((....)))))(((((....))))))))..)))..))))))).,-21.0,0.0526315789474,0
35,GCUUAGUCCGACUGGGCGUGUCGGUUGACACGGUUUCUCAAAACUUCGUAUUUACGAUAGGCG,(((((((((....))))(((((....)))))(((((....)))))((((....))))))))).,-18.3,1.0,0
36,UCGUUCCUCAAUAGGGGGUAACCAUCGUUACGGUUCUUGGGAACCGCUGACUCUAGCAACGAA,(((((((((....))))(((((....)))))(((((....)))))((((....))))))))).,-20.1,1.0,0
37,UAGGGCCUCAAUGGAGGGUUACCAUCGUGACUGUUCGGGUGAACAAGGGACUCCUUUUCCUAA,(((((((((....))))(((((....)))))(((((....)))))(((....)))..))))).,-17.6,0.2,0
38,GCUCACCCCAGUUGGGGCGCCCUAGCGGGUGACACGUCUAUGUGUUUGCCCCUGCAAUGAGCC,(((((((((....))))(((((....)))))((((......))))((((....))))))))).,-25.3,0.333333333333,0
39,UCGGUCCCCUAUGGGGGGUUACGAAGGUAACGGUGCUUGUGUACUACUGACUUCAGUACCGGA,(((((((((....))))(((((....)))))(((((....)))))((((....))))))))).,-23.9,1.0,0
40,GCUGUCCCCGAUAGGGGAUUAACAAGUUAAUGAUUCUUGUGAAUUACUGACUCCAGUGCGGCG,(((((((((....)))).......(((((.((((((....)))))).))))).....))))).,-20.7,0.0416666666667,0
41,ACUGUCCCCGAUAGGGGGUUACCAAGGUAACUAUUCUUGUGAAUAACUGACUCCAGUGCGGUA,(((((((((....))))(((((....)))))(((((....)))))((((....))))))))).,-21.6,1.0,0
42,GUUGUCCCCUAGAGGGGGUCACAUUUGUGACUGUUCUUAUGAAUAACUUGCUCGAGUGCGACA,(((((((((....))))(((((....)))))(((((....)))))((((....))))))))).,-20.5,1.0,0
43,UAGGGCCCCACUUGGGGGUAGCCCUUGCUACCGUUCCACAGAACGACGGACUUCUGUUCCUAA,(((((((((....))))(((((....)))))(((((....)))))((((....))))))))).,-22.9,1.0,0
44,GAACACCCCAAGUGGGGCGCCCAAACGGGUGAGUUGUCGUUAACUGAGUGAUUGCUUUGUUCC,(((((((((....))))(((((....)))))(((((....)))))((((....))))))))).,-21.3,1.0,0
45,UGAUGGGCGAAAGUGCCGUGUUGAUUGACACUGUCGCUGGCGACAGCGGACCCUCGCUAUCGA,((((((.(((..((.((((((((..((((...))))....))))).)))))..))))))))).,-20.3,0.0384615384615,0
46,UCGGGCCCCUAUCGGGGGUUUCGAAUGAAACGGUGCUCGUGCACUACAGUCUCCUGUUCCGAC,(((((((((....))))(((((....)))))(((((....)))))((((....))))))))).,-24.4,1.0,0
47,GUGGCCUGGUGAUCCGGAUCACGCUUGUGAUAGUCUGGUAAGAUUGCGCUGUGGCGCGCCGCC,(((((((((....))))(((((....)))))(((((....)))))((((....))))))))).,-25.1,1.0,0
48,AUGGCUGGCUUAUGCUAAUCUCGUUUGGGAUAGUCUCGUAAGAUUGCGCUUUCGCGCGCCGUC,(((((((((....))))(((((....)))))(((((....)))))((((....))))))))).,-20.6,1.0,0
49,GUGGUCCCCAAUAGGGGUUAACCAUUGUUGAUCUUCUUAUGAAGGACUGAUUCCAGUGCCACA,(((((((((....))))(((((....))))).((((....)))).((((....))))))))).,-20.6,0.333333333333,0
50,UUGUUCCUCCAUAGGGGGUGACCAUGGUUACGUUUCUUGUGAAAUACUAAAUCUAGUAACGAA,(((((((((....))))(((((....)))))(((((....)))))((((....))))))))).,-12.0,1.0,0
51,GCAAGGGCCAAAUGGCCGUGUCGUGUGACACUGUCGCUGGCGACAGCGGACUCUCGCUUUGCA,(((((((((....))))(((((....)))))(((((....)))))((((....))))))))).,-26.4,1.0,0
52,UUGUUUCUCAACAGGGGGUAACCAUGGUUACGGUUCUUGGGAACCGCUGACUCUAGCAACGAA,(((((((((....))))(((((....)))))(((((....)))))((((....))))))))).,-15.1,1.0,0
53,GAACACCCCAAGUGGGGCGCCCCAACGGGUGAGUUGUCGCUAACUGUGUGAUUGCGUUGUUCC,(((((((((....))))(((((....))))).((.(((((.......))))).))..))))).,-22.9,0.047619047619,0
54,GCUGUUCACAAACGUGAGAGCGUAGUUGUUCGGUUGCAAUCAAUCGAGUAUCGGCUUACAGCU,(((.(((((....))))))))(((((((((((((((....))))))))...)))).)))....,-18.1,0.04,0
55,UCAUGGGCCCAAUGGCCGUGUCGCUUGACACUGGCGCUGGCGUCAGCGGACUCUCGCUAUGAA,(((((((((....))))(((((....)))))(((((....)))))((((....))))))))).,-23.3,1.0,0
56,GGCGUUUCUAAAUGGAAGUACCCAUUGGUACGGGUUCUUCAGCCUGCGUCGCCGCGCACGCCA,(((((((((....))))(((((....)))))(((((....)))))((((....))))))))).,-22.1,1.0,0
57,GCGGGCCACAGUCGUGGGUAACAAUAGUUACUGUUCAUGUGAACAACUGACUCUAGUUCCGCA,(((((((((....))))(((((....)))))(((((....)))))((((....))))))))).,-20.5,1.0,0
58,AACGGCACGUAAACGUGGACGCGCCCGUGUCGCUAUCCCGAUAGCGCAAUUCUUUGCUCGUUC,(((((((((....))))(((((....)))))(((((....)))))((((....))))))))).,-19.0,1.0,0
59,GAUCACCCGAAUGCGGGGGCCCCAACGGGUCACUUUUUUAAAAGUGUGUUCUUGCAUUGAUCG,(((((((((....))))(((((....)))))(((((....)))))((((....))))))))).,-21.2,1.0,0
60,GCUGGCCCCAAUAGGGGGUAACCGUAGUUACAGUUCAUGUGAACUACUGACUCCAGUUCAGCU,(((((((((....))))(((((....)))))(((((....)))))((((....))))))))).,-22.4,1.0,0
61,GAUCACCCGAAUACGGGGGCCCCAACGGGUCACUUUUUUAAAAGUGUGUGCUUGCAUUGAUCG,(((((((((....))))(((((....)))))(((((....)))))((((....))))))))).,-20.4,1.0,0
62,GACGUUUCCAAAUGGAAGUACCUAUGGGUACGGAAGCCUCCUUCUGCAUGGCCAUGCACGUCC,(((((((((....))))(((((....)))))(((((....)))))((((....))))))))).,-19.8,1.0,0
63,GUGGUUCCGUAUACGGGGUCACGAUUGUGACGGGUCUUAUGACUUACUGGCGCCAGUGCUACA,(((((((((....))))(((((....)))))(((((....)))))((((....))))))))).,-20.9,1.0,0
64,GUGUUCUGCUGAUGCAGAUCACGUCUGUGAUAGUCUCGUAAGAUUGGGCUUUCGCUCGGCGCC,(((.(((((....))))).)))(((.((((.((((.((......)))))).))))..)))...,-23.1,0.030303030303,0
65,GCUGUUGACAAACGUCAGAGCGUAUUUGUUCGGGUUCAUUGAUCCGGGUAGCUGCCUACGGCA,(((((((((....))))(((((....)))))(((((....)))))((((....))))))))).,-19.1,1.0,0
66,GUGGUCCCCAAUAGGGGAUAACCAUUGUUGUUCUUUUUAUGAAGGACUGACUCCAGUGCCACA,(((((((((....))))(((((....)))))(((((....)))))((((....))))))))).,-19.8,1.0,0
67,UGAUGGGCCAAAUGGCCGUGUCGUUUGACACUGUCGCUGGCGACAGCGGACCCUCGCUAUCGA,(((((((((....))))(((((....)))))(((((....)))))((((....))))))))).,-23.9,1.0,0
68,GGCCUUUCUAAAUGGAAGUACCCAUUGGUACGGGUUCUUCAGCCUGCGUGGCCGCGCAGGCCA,..............((((.((((........)))).)))).((((((((....))))))))..,-25.3,0.0277777777778,0
69,UCGGACUCCUGAAGGAGGUAGCCAUUGUUACGGUAGUUGUCUACUACUUGCUCAAGUUCCGAC,(((((((((....))))(((((....)))))((((((.....)))))).........))))).,-18.4,0.0833333333333,0
70,GUGGUCCCGUUGGCGGGGUCACGAUUGUGACGGUUGUUAUCAAUUACUGGCUCCAGUGUUACA,(((((((((....)))))))))...(((((((((((....)))))((((....)))))))))),-19.4,0.0769230769231,0
71,GCGGUCCCGUAUACGGGGUUUCGCAUGAAACGGUGCUUGUGCACUACAGUCUCCUGUGCCGCC,(((((((((....))))(((((....)))))(((((....)))))((((....))))))))).,-26.2,1.0,0
72,GCUCACCCCAGUUGGGGCGCCCUAACGGGUGACACGCCUAUGUGUGGGCCCCUGCUCUGAGCC,(((((....(((.(((((((((....))))..(((((....))))).))))).))).))))).,-27.6,0.0416666666667,0
73,GCUCACCCCAGUUGGGGCGCCCCAACGGGUGACAUGUCUAUAUGUGUGCCCCUGCACUGAGCC,(((((((((....))))(((((....)))))(((((....)))))((((....))))))))).,-26.1,1.0,0
74,GCUGUUGACAAACGUCAGAGCUGAUUAGUUCGGUUUCAUUGAACCGGGUAGCGGCCUGCGGCG,(((((((((....))))..((((.(((.((((((((....)))))))))))))))..))))).,-20.2,0.047619047619,0
75,AUGUUCCUCAAUAGGGGGUGACCAUGGUUACGGUUCUUGUGAACUACUAAAUCUAGUAACGUA,(((((((((....))))(((((....)))))(((((....)))))((((....))))))))).,-14.5,1.0,0
76,UAGAGCCUCAAUAGAGGGUUACCAUCGUGACUGUUCGGGUGAACAACGGACUCCUGUUUCUAA,(((((((((....))))(((((....)))))(((((....)))))((((....))))))))).,-16.2,1.0,0
77,GUCGGUUCCAAACGGAAGUGGACACCUCCACGCUUGCUUGUAAGUGAGGAUUCCCUCCCGACG,(((((((((....))))(((((....)))))(((((....)))))((((....))))))))).,-22.8,1.0,0
78,AACGGCACGGAAACGUGGUCGCGCUCGCGACGAUUUCCCUAGAUCGCAAUUCCUUGCUCGUUG,(((((((((....))))(((((....)))))(((((....)))))((((....))))))))).,-19.3,1.0,0
79,UGAUGGGCCAAAAGGCCGUGUGGAUUUACACUGUCGCUGGCGACAGCGGACCCUCGCUAUCGA,(((((((((....))))(((((....)))))(((((....)))))((((....))))))))).,-21.5,1.0,0
80,GCUUAGUCCGACUGGGCGUGUGGAUUCACACGGUUUCUCAAAACUUCGUAUUUACGAUAGGCG,(((((((((....))))(((((....)))))(((((....)))))((((....))))))))).,-18.0,1.0,0
81,GUGGUCCCGUUGACGGGGGCACGAUUGUGUCGGUUGUUAUCAAUUACUGGCUCCAGUGCUACA,(((.(((((....))))).))).((((.((((((.(((...))).))))))..))))......,-20.9,0.0322580645161,0
82,GUGGUCCCCAAUAGGGGGUAACAAUUGUUGCUCUUCUGAUGAAGGCCUGACUCCAGGGCCACA,(((((((((....))))(((((....)))))(((((....)))))((((....))))))))).,-26.4,1.0,0
83,UUGGUCCGCGCAUGCGGAUCAUGUUUAUGAUAUUCUGGUAAGAGUGCGCAGUUGCGCGCCGAC,.((((((((....))))))))............(((....)))((((((....))))))....,-23.6,0.0526315789474,0
84,GGCGUUUCUAAAUGGAAGUACCCAUUGGUACGGGUUCGUCAGCCUGCGUGGCCGCGCACGCCA,(((((((((....))))(((((....)))))(((((....)))))((((....))))))))).,-22.3,1.0,0
85,GUUGGCCCGUUUACGGGGUCACGAUUGUGACGGUUCUUAUGAAUUACUGGCUGCAGUCCGACA,(((((((((....))))(((((....)))))(((((....)))))((((....))))))))).,-22.9,1.0,0
86,GUCGAUUUCAAUAGGAAGUACCCAGUGGUACGGGAUCUUCAUCCUGCGUGCCCGCGCUUGACA,(((((((((....))))(((((....)))))(((((....)))))((((....))))))))).,-17.9,1.0,0
87,GCGGGCCCCAGUAGGGGGUAACCAUAGUUACAGUACAUGUGUACUAAUGACUACAUUUCCGCU,(((((((((.....))))).....((((((.(((((....)))))..)))))).....)))).,-21.9,0.037037037037,0
88,UUGUUCCUCAAUAGGGGGUAACCGUGGUUACGGUUCUUGCGAACCAGUGACUCCACUAACGAA,..(((((((.....)))).))).(((((((((((((....))))).))))..)))).......,-18.5,0.0344827586207,0
89,GCGGGCCUCAUAAGGGGGUAACCAUUGUUACGGCUCUAGCGAGCUAAUGACUCCAUUCCCGCA,(((((((((....))))(((((....)))))(((((....)))))((((....))))))))).,-23.5,1.0,0
90,GCGUGUCCUACUAGGGGGUAACCAUAGUUACGGUUGUUGUCAACUACUGAAUGCAGUUGCGCA,((((.((((....))))(((((....)))))(((((....)))))((((....)))).)))).,-16.9,0.333333333333,0
91,GCGGUCCCCUAUGGGGGGUUACGAAUGUAACGGUGCUUGUGUACUACUAUCCCUAGUACCGCA,(((((((((....))))(((((....)))))(((((....)))))((((....))))))))).,-24.3,1.0,0
92,GUGGCCCGGUGAUCCGGAUCACGCUUGUGAUAGUCUGGUUAGAUUGCGCUGUGGCGCGCCGCC,(((((((((....))))(((((....)))))(((((....)))))((((....))))))))).,-26.1,1.0,0
93,UCGGACCACGUAAGUGGGUAGCCUUUGUUACAGUAGUUGUCUACUACUGGCUCUAGUUCCGAA,(((((((((....))))(((((....)))))((((((.....)))))).........))))).,-19.8,0.0833333333333,0
94,GUGGGUUCCUAAAGGAAGUUGAGAUAUCGACUCUUGGUUUUAAGAGGGGAUUCCCCCCCCACA,(((((((((....))))(((((....)))))(((((....)))))((((....))))))))).,-23.6,1.0,0
95,GCUUGGUCCAACUGGGCGUGUGCAUUCACACGAUUUCUCAAAAUUUGGUAUUAACCAUAGGCG,(((((((((....))))(((((....)))))..............((((....))))))))).,-15.8,0.0909090909091,0
96,GUGGGCCCGUUUACGGGGUCACGAUUGUGACGGUUCUUAUGAAUUACUGCCUGCAGUCCUACA,(((((((((....))))(((((....)))))(((((....)))))((((....))))))))).,-22.2,1.0,0
97,GCUCACCGCAGUUGCGGCGCCCCAACGGGUGACAUGUCUAUAUGUGUGCCCCUGCACUGAGCG,(((((((((....))))(((((....)))))(((((....)))))((((....))))))))).,-26.2,1.0,0
98,UCAGACCCCUUCAGGGGGUGGCCUUUGUUACAGUACUUGUGUACUAUUGGCUCCAGUUCUGAA,((((((((((...))))))((((..((.((((.......)))).))..))))......)))).,-19.3,0.0344827586207,0
99,GCGGGCCUCAUUAGGGGGUAACCACUGUUACGGUUCUAGAGAACUGAUAACUCUAUCCCCGCA,(((((((((....))))(((((....)))))(((((....)))))((((....))))))))).,-21.4,1.0,0
100,GUGGUCCCCAAUAGGGGGUAACCAUUGUUGCUCUUCUUAUGAAGGACUGACUCCAGUGCCACA,(((((((((....))))(((((....)))))(((((....)))))((((....))))))))).,-24.0,1.0,0
101,GUUGUCCCCUAGAGGGGGUCACAAUUGUGACUGUUCUUAUGAAUAACUGGCUCCAGUGCGAUU,(((((((((....))))(((((....)))))(((((....)))))((((....))))))))).,-19.6,1.0,0
102,GCUGUUGACAAACGUCAGAGCUUAUUAGUUCGGUUUCAUUGAACCGGGUAGCGGCCUACGGCG,(((((((((....))))(((((....)))))(((((....)))))((((....))))))))).,-20.2,1.0,0
103,GCUGUCCCCGAUAGGGGAUUACCAAGGUAAUGAUUCUUGUGAAUUACUGACUCCAGUGCGGCA,(((((((((....))))(((((....)))))(((((....)))))((((....))))))))).,-22.4,1.0,0
104,UUGUUCCUCAAUAGGGGGUAACCAUGGUUACGGUUCUUGUGAACCACUGACUCCAGUAACGAU,(((((((((....))))(((((....)))))(((((....)))))((((....))))))))).,-18.4,1.0,0
105,GCGGUUCACUAAUGUGAGCGCUUAAUAGUGCGGUAGCAUUCUAUCGGGUAUCGGCCUACCGCG,(((((((((....))))(((((....)))))(((((....)))))((((....))))))))).,-23.9,1.0,0
106,GUGGUCCCCAAUAGGGGGUAACCAUUGUUGCUCUUUUUAUGAAGGACUGACUGCAGUGCCACA,(((((((((....))))(((((....)))))(((((....)))))((((....))))))))).,-21.5,1.0,0
107,GCUGUUCACAAAAGUGAGAGCGUAUUUGUUCAGUUGCUUUCAACUGGGUAUCGGCCUACGGCG,(((((((((....))))(((((....)))))(((((....)))))((((....))))))))).,-18.6,1.0,0
108,GCAUGGGCCAAAUGGCCGUGUCGUUUGACACUGUCGCUGGCGACAGCGGACUCUCGCUAUGCA,(((((((((....))))(((((....)))))(((((....)))))((((....))))))))).,-27.0,1.0,0
109,GAGGGCCUCAUCAGGGGGUAACCAUUGUUACGGUUCUCGCGAACUUAUGACUCCAUGCCCUCA,(((((((((....))))(((((....)))))(((((....)))))((((....))))))))).,-20.5,1.0,0
