,RNA_sequence,RNA_structure,Mfes,Fitness,Evals
0,GCGCGGCCACAUGUGGCUUUCAGCGAUGAAGCUAGCUUACGCUGGUCGGGGUGCCGACGCGUC,(((((((((....)))))..(((((...(((....))).)))))(((((....))))))))).,-24.7,0.047619047619,0
1,GACUUCGCCGUAGGGUGGCAACAGUCGUUGUAAGGAAGUGUCCUUUUGUUCACGCAAGAGUCC,(((((((((....))))(((((....)))))(((((....)))))((((....))))))))).,-17.8,1.0,0
2,CACUCCGGCAACAGCUGGCAACAGUAGUUGUUCCAAAGGUUUGGGUUGUUCACGCAAGAGUGC,(((((..((((((((.((((((....))))))((((....))))))))))...))..))))).,-18.2,0.0526315789474,0
3,GUGUCUUACUCGCGUGAAAUUGAUAGUAAUUGUCGUACCAACGACGCUGUCCUCGGCGGCACA,((((((((((..((......))..)))))..(((((....)))))((((....))))))))).,-18.5,0.0625,0
4,GCCGCGUGUCCAUACGCUGGCGGACAUGUCAUUCGACUGCUCGAACCUGACUUCGGGGCGGCU,(((((((((((..........))))))(((....)))..((((((......))))))))))).,-23.5,0.0263157894737,0
5,UUUCUGUCGGACUUGGCUAGUCAGAAGGCUGUCCUGUCACUAGGAGCUUUCCGGAGUGGGGAU,........((((..((((........))))))))(.(((((.(((....)))..))))).)..,-16.4,0.0232558139535,0
6,GUGUUUUACUCGCGUGAAAAUGAUUACAUUUGUCGAUCCAUCGACGCGGUCCUCCGCGGCACA,(((((((((....))))(((((....)))))(((((....)))))((((....))))))))).,-18.2,1.0,0
7,GAAAAGGCGUAUUCGCCACCCCAGUUGGGGUUAGCUUGUCGGCUACAAUACUAGUUGUUUUUG,.....((((....))))(((((....)))))(((((....)))))((((....))))......,-18.7,0.0909090909091,0
8,UCGUCUUACUAUGGUGAAAGUGACAACACUUGUUGAACUAUCGACGCGGCUUGCCGCGGCGAA,(((((((((....))))(((((....)))))(((((....)))))((((....))))))))).,-19.1,1.0,0
9,UCGUCUUACUAUGGUGAAAGUGACAACACUUGUUGAUGUAUCGACGCUGCUUGCGGCGGCGAA,(((((((((....))))(((((....)))))(((((....)))))((((....))))))))).,-16.7,1.0,0
10,ACGUGGUAGUCAUUUACUUACAACCCUGUAAUAGGGCCGUCCCUAAGGUAUUGACCUCACGUG,((((((..((((..(((((((..(((((...)))))..)).....))))).)))).)))))).,-17.0,0.025641025641,0
11,UACUCCGCGAUCACGUGGCAACAGUCGUUGUACCGAAGAUUCGGUUUGGUCACUCAAGAGUAC,(((((((((....))))(((((....)))))(((((....)))))((((....))))))))).,-16.6,1.0,0
12,UCGUUUAAGUAUGCUUAAAGUGACAACACUUGGUGAACUAUCGUCGCUGCUUGCAGCAGCGAA,.......(((.((((..(((((....))))))))).)))....((((((((...)))))))).,-18.5,0.0322580645161,0
13,UACUCGGCGAUGACGUCGCAGCAAAAGCUGUACCCAGAUCUGGGUUUGUUCUGGCAGGAGUAU,(((((((((....))))(((((....)))))(((((....)))))((((....))))))))).,-20.7,1.0,0
14,ACGCGUCCACAUUUGGGUAUUCAUUAGAAUAGGUUGCCAUCGACCGGUCGAUCGAUUCGCGUC,(((((((((....))))(((((....)))))(((((....)))))((((....))))))))).,-14.2,1.0,0
15,UCGUCUUACUAUGGUGAUAGUGACAACACUGGUUGAUCUCUCGACGCGGCUUGCCGCGGCGAA,((((((((((((....)))))))........(((((....)))))((((....))))))))).,-19.6,0.0555555555556,0
16,UCGCCGCACGCGCGUGCUGUCUUAAAAGAUAUUCGGAAGGUCGGAAAGUUUAAACUUGGCGGU,(((((((((....))))(((((....)))))(((((....)))))((((....))))))))).,-16.3,1.0,0
17,AGCUGGGAACGAUUUCCGAUGUAUACACAUUCUAGUAUAAGCUAGUUGCGUUGGCAACGGCUA,(((((((((....))))(((((....)))))(((((....)))))((((....))))))))).,-17.2,1.0,0
18,UUGUGAUACAAAUGUAUUACCUAGCCAGGUAUAGGCUUCAGCUUAAUGGGUUCCCGUUACAAG,..(((((((....)))))))..((((.......))))......((((((....))))))....,-14.5,0.0322580645161,0
19,GAGUCUUGUUCUCGCGAAAUCGAUCUCGGUUGUCGAUCCAUCGACGCAGCGCUCUGCGGCUCA,(((((((((....))))(((((....)))))(((((....)))))((((....))))))))).,-19.1,1.0,0
20,UGGCUGCCCACGUGGGCUGGCUGGCCAGCUAUCCGGAAGGUCGGAAAGUCUCAACUUAGCCAU,((((((......((((((..((((((..((....))..))))))..)))).))...)))))).,-22.4,0.0263157894737,0
21,UUCUCGACUGUAAGGUCGCCACAGUCGUGGUACAGAGGGCUCUGUUUCUUCAUGGAAGAGAAC,(((((((((....))))(((((....)))))(((((....)))))((((....))))))))).,-19.1,1.0,0
22,GAUGGGUCGUUUACGACACCGCAGUUGCGGUUAGGUUAUUGCCUACGAUUGAAGUCGUCAUCA,(((((((((....))))(((((....)))))(((((....)))))((((....))))))))).,-22.1,1.0,0
23,UGCUCGGUCUCUCGAUCAGGUGCACUCACCUAGUCUAUUAAGAUUCUGUGACCGCAGGGGUAG,(((((((((....))))(((((....)))))(((((....)))))((((....))))))))).,-16.0,1.0,0
24,UCGGGAGACUACGGUCUUAUCUAAAUAGAUAUAUGCUUCAGCGUAAUGACGUCUCGUUCCGAG,(((((((((....)))))((((....)))).(((((....)))))..((((...)))))))).,-15.2,0.125,0
25,UCGCCGCACGCGCGUGCUGUCUUGAAAGAUAUUCGGUAGGUUGGAAAGUUUGAACUUGGCGAU,..(((((....))).))(((((....))))).(((.((((((.((....)).)))))).))).,-18.0,0.037037037037,0
26,UACUCGGUCUCUCGAUCAGGUGCACACACCUAGUCUAUUAAGAUUGCGUGACCGCGCGGGUAG,(((((((((....))))(((((....)))))(((((....)))))((((....))))))))).,-18.4,1.0,0
27,GAAGAGGGGUAUACCCCACCGCAGGUGCGGUUAGGUUAUGGCCUACAAUACUAGUUGUUUUCG,(((((((((....))))(((((....)))))(((((....)))))((((....))))))))).,-21.0,1.0,0
28,GUGUCUUACUCGCGUGAAAAUGAUUUCAUUUGUCGGUCCAUCGACGCUUUCCUAGGCGGCACA,(((((((((....))))(((((....)))))((((......))))((((....))))))))).,-16.4,0.333333333333,0
29,UUAGGUUUUAGCAGAAGUAGCCGCAUGGCUAUAAUUGUAAGGUUGCUGCCACUGUGGUUUAGU,..................(((((((((((..(((((....)))))..)))).)))))))....,-16.1,0.0294117647059,0
30,AUCCUGUGUGUAUACGCUGACCAUUGGGUCAUUCUUAUACAAGAAUCAGAGUGCUGAAGGAUA,(((((((((....))))(((((....)))))(((((....)))))((((....))))))))).,-16.7,1.0,0
31,GUGUCUUGUUCUCGCGAAAAUGAUCUCAUUUGUCGAUGCAUCGACGCAGUGCUCUGCGGCACA,(((((.(((..(((...(((((....)))))..))).)))..))))).(((((....))))).,-18.9,0.0344827586207,0
32,AACUCCCCGACACUGGGGCAACAGACGUUGUACCAAAGAUUUGGUUUGAUCACUCAAGAGUUC,(((((((((....))))(((((....)))))(((((....)))))((((....))))))))).,-16.0,1.0,0
33,UCGCCGCACGCGCGUGCUGUCUUGAAAGAUAUUCGGAAGGUCGGAAAGGUUGAUCUUGGCGAU,(((((((((....))))(((((....))))).....((((((((.....))))))))))))).,-19.7,0.0434782608696,0
34,UUGAUCGGCAUAGGUUGGCGGCCUUAGCCGUUAUUGGCGAUGAUAUUGGAGAACCAAGUCAAC,...((((.((.....(((((((....))))))).)).))))(((.((((....)))))))...,-17.6,0.0416666666667,0
35,UAUUCCCCUAGAAGGGGGCCACAGUCGUGGUGCUGAAGGUUCGGUCUGUUCACACAGGAGUAC,....(((((...)))))(((((....)))))(((((....)))))((((....))))......,-19.6,0.0909090909091,0
36,GAGCCCGCUAUGAGGUGGUAACAGUCGUUAUACCGAACGUUCGGUUUGGUCGCUCAAGGUUCC,(((((((((....)))))((((....)))).(((((((.....))))))).))))........,-18.6,0.0454545454545,0
37,AUCCCGCCUCAUAAGGCCAUUAGUGCUGAUGAUUCCCAACGGGGUCGAGGUGCCUUGGGGAUC,(((((((((....)))).....(((((..(((((((....))))))).)))))....))))).,-21.8,0.037037037037,0
38,UACUGGGCGCUGGCGUCGCAUCCGACGAUGUACCGAGAUCUCGGUUUGUACAUGCAGUAGUAU,(((((((((....))))(((((....)))))(((((....))))).........)))))....,-16.3,0.111111111111,0
39,UCGCCGCGCAUGUGCGCUGUCUAGAAAGAUAUCCGGACGGUCGGACUGUCUCAACAGGGCGAA,(((((((((....))))(((((....)))))(((((....)))))((((....))))))))).,-24.2,1.0,0
40,GACAUCUCCAUUGGGAGGCAACCCUAGUUGUGCGGAUCGAUCUGCUUGGAGUACCAAGUGUUC,(((((((((....))))(((((....)))))(((((....)))))((((....))))))))).,-17.8,1.0,0
41,GAUGUGUGAUUGCUCGCCCUUGUGAGCAAGGGUCCUGUCGAGGACCAGUAAUAGUUGAUAUCG,(((((....((((((((....)))))))).((((((....))))))...........))))).,-22.6,0.03125,0
42,UUGUCUUACUAUAGUGAAAGUGGCAACACUUGUAGAUCUAUCUACGCGGCUUUCCGCGGCAAU,(((((((((....))))(((((....)))))(((((....)))))((((....))))))))).,-18.4,1.0,0
43,UACUCGGUCUCUCGAUCAGGUGCACACACCUAGUCUAUUAAGAUUCCGUGAACGCGGGGGUAG,(((((((((....))))(((((....)))))(((((....)))))((((....))))))))).,-18.1,1.0,0
44,CAGUCCGCUAUGAGGUGGCAACAGUCGUUGUACCGAACGAUCGGUUUGAUCCCUCAAGAUUGC,(((((.....(((((.((((((.((((((......))))))..).))).))))))).))))).,-16.3,0.0243902439024,0
45,UCGCGGCCACAGUUGGUUAUCGAUUAUGAUAGGCUCCCCGGGGCCGGUCGACUGAUUCGCGAC,((((((...(((((((.((((......))))(((((....)))))..)))))))..)))))).,-21.4,0.0416666666667,0
46,GUGUCUUACCCGCGUGAAAAUGAUAUCAUUUGUCGUACCAACGACGCUCUCCUGGGCGGCACA,(((((((((....))))(((((....)))))(((((....)))))((((....))))))))).,-19.2,1.0,0
47,GUUUCUAUCCCUCGAUAAAAUGAUCUCGUUUGUUGAUCCAUCGACGCAGUGCUCUGCGGGACA,.......((((......(((((....)))))(((((....)))))((((....))))))))..,-14.3,0.0666666666667,0
48,UACUCCGCCUACCGGUGGCAACCGUAGUUGUUCCAAAGGUUUGGGUUGCUCGGGCAAGAGUAC,......(((((((..(((((((....))))..)))..)))..))))(((((......))))).,-17.5,0.030303030303,0
49,UUCUCGACUGUAAGGUCGCAACCGUCGUUGUACAGUUGGCACUGUUUGUUCAAGCAAGAGAAC,(((((((((....))))(((((....)))))(((((....)))))((((....))))))))).,-15.1,1.0,0
50,UCGGGAUACAAAUGUAUUAUCUUGCCAGAUAGAUGCUUCAGCGUCAUGAGGUCUCGUUCCGAA,(((((((..........(((((....)))))((.((((((......)))))).))))))))).,-15.6,0.0416666666667,0
51,UCGCCGCGCGCGCGCGCUUUCUUGAAAGAAAUUCGGAAUGUCGGAAUGUUUGAACGUGGCGGU,((((((((..((.((...((((....))))((((.((...)).)))))).))..)))))))).,-17.4,0.05,0
52,GUGUUGUACCCAUGUGUAAAUGAUAACAUUUGUCGAACCAUCGACGCGGUGCUCCGCGGCACA,(((((.....(((......))).........(((((....)))))((((....))))))))).,-16.6,0.0454545454545,0
53,GAUGUGAGCUUGCGCUCCCGAGUGAGCUUGGGUCCUGGUGAGGGCCACUGAUAGGUGACAUCG,(((((((((....))))(((((....)))))(((((....)))))((((....))))))))).,-24.5,1.0,0
54,GAUUCGGUGGACUCGCCUGGUGAGACUACCAUGCCAGCUCUGGCACCGGCUCGCUGGGGAUCU,((((((((((.(((((...))))).))))).(((((....)))))((((....))))))))).,-25.5,0.0588235294118,0
55,GUGCGGCUAAAUCUGGCUAUCGACUACGAUGAUAGCAUACGCUGUUCGGAAUGCCGACGCAUU,(((((((((....))))(((((....)))))(((((....)))))((((....))))))))).,-19.0,1.0,0
56,GAUGUGAGCUUGCGCUCCCGGGUGAGCCUGGGUUCUGGUGAGGACCACUAACAGGUGACAUUG,(((((((((....))))(((((....)))))(((((....)))))((((....))))))))).,-21.2,1.0,0
57,UGGCCUCCCACGUGGGAUGUCUGGUCAGAUAUCCGGAAGGUCGGAAAGUCUCAACUUGGCCAU,((((((((.((...((((((((....)))))))).....)).)))((((....))))))))).,-21.3,0.0666666666667,0
58,GUAUCGACGGACUCGUCUGGCAAAAUUGCCAUGCUAUCUUUAGCACCUGCUCCCGGGGGUACC,(((((((((....))))(((((....)))))(((((....)))))((((....))))))))).,-22.5,1.0,0
59,GUGCCUUACUCGCGUGAAAAGGAAAUCCUUUGUCGAUCUAUCGACGUUGACCUCGGCGGCACA,(((((((((....))))(((((....)))))(((((....)))))((((....))))))))).,-21.0,1.0,0
60,UACGUCGCAAAAAUGUGGCAACAGGAGUUGUUCCAAGUGUUUGGGUUGUUCCGGCAAGCGUAG,(((((((((....))))(((((....)))))(((((....)))))((((....))))))))).,-13.3,1.0,0
61,UAUUCCGCUAUAAGGCGGCAACAUUCGUUGUGCCGAAGUUUCGGUCUGUUCACACAGGAGUAC,(((((((((....))))(((((....)))))(((((....)))))((((....))))))))).,-18.0,1.0,0
62,UGGUCUUACGAUGGUGAAAGUGACAACACUUGUUGCUCUCGCGGCGCGGAUUGCCGCGGCUAG,.............((((.((((((((...)))))))).))))(.(((((....))))).)...,-21.8,0.0277777777778,0
63,UCGUCCCCCCCAGGGGGGCUCUGAAAAGAGCGUCGUGCCAGCGACGCGCAUCCGCGCGACGGG,(((((((((....))))(((((....)))))(((((....)))))((((....))))))))).,-33.5,1.0,0
64,GACACCGCCUUAGGGUGGCAAGAGUCUUUGUAAGGAAGGGUCCUUUUGUUAACGCAAGUGUCC,(((((((((....))))((((((((((((......)))))..)))))))........))))).,-16.9,0.0344827586207,0
65,UUGUAUUACGCUUGUGAAAAGAUGGUUCUUUGUCGAAACAUCGACGCUGUCGUCGGCUGCAGA,(((((((((....))))(((((....)))))(((((....)))))((((....))))))))).,-15.1,1.0,0
66,AACUCGGCGGUGACGUCGCAUCAAACGAUGUACCGAGAUCUCGGUUUGUUUCGGCAGGAGUUU,(((((((((....))))(((((....))))).(((((((........)))))))...))))).,-19.2,0.047619047619,0
67,UCGCCGCGCACAUGCGCUGUCUAGACAGAUAUCGGGACGGUCUGACAGUCUCAACUGGGCGAC,(((((((((....))))(((((....)))))(((((....)))))((((....))))))))).,-21.5,1.0,0
68,AGCCUGCCACCUUUGGCUAUUUGUUAAAAUAGGAGGUUAACCUCCUUGCGAUCGCAAAGGCUA,(((((((((....))))(((((....)))))(((((....)))))((((....))))))))).,-22.5,1.0,0
69,UAGUCCGCUAUGAGGUGUCAACAGUCGUUGAACCGAACUUUCGGUUUGAUCACUCAAGAUUAC,(((((((((....)))).....(((.((((((((((....)))))))))).)))...))))).,-14.3,0.0416666666667,0
70,UCGUCUUACUAUGGUGAAAGUGACAACACUUGAUGAUCUAUCGUCGCGGCUUGCCGCGGCGAA,(((((((((....))))(((((....))))))))))....(((((((((....))))))))).,-22.2,0.0909090909091,0
71,UCCACGGCCAUCGGGUCGCUACCGUUGUAGUACGUAUGUUUGCGUGGGUAGUUACCUGUGGAA,.......(((.(((((.((((((.......((((((....)))))))))))).))))))))..,-23.2,0.0344827586207,0
72,CGCCAUAUACACUUGUGAAUUUGUUGGGAUUAUCUGUUAACAGGUCUCCGUUGGGAGUGGCGA,((((((...((..((.(((((((((((.(.....).))))))))).)))).))...)))))).,-16.0,0.0263157894737,0
73,AUCCGCUUUGUAUAGGGCGACCAUUGGGUCGAUCUUAUACAAGAUGCAGAGUUCUGUCGGGUG,(((((.((((((((((((((((....))))).)))))))))))..((((....))))))))).,-24.3,0.047619047619,0
74,UCGAGGUCUUCAUGGAUGUCUAACUCUAGACUUCGACCGCUCGAAAGGUAUGCACUUCUCGAA,(((((((((...(((....))).....)))))))))....((((.((((....)))).)))).,-16.7,0.0434782608696,0
75,UACGCCGCCAAGUGGUGGCAACAGUUGUUGUUCCAAAGCUUUGGGUUGUCAAGGCAAGUGUAC,...((((((....)))))).(((.(((((..(((((....))))).......))))).)))..,-20.3,0.0454545454545,0
76,GCGCCGCCACGUAUGGCCAUCAAUUAUGAUGGUAUCAACGGAUGCCCGGAGUCCCGGGGCGUC,(((((((((....))))(((((....)))))(((((....)))))((((....))))))))).,-25.2,1.0,0
77,GACUCCGCCUUAGGGUGGUAACACUCGUUGUGAGGAAGAAUCCUCUUGUUCACGCAAGAGUCG,(((((.((....(((((....)))))...(((((.((((....)))).)))))))..))))).,-22.4,0.025641025641,0
78,GACUGGUGUAUAGGUACGCAGCAGUCGUUGUACCGAUGGUUUGGUUGGUUCACGCCGUAGUUC,(((((.(((........))).)))))((((.((((((......)))))).)).))........,-17.9,0.027027027027,0
79,UAGUCCGCUAUGGGGUGGCAACAGUCGUUGUACCGAACGUUCGGUUUGAUCACUCAAGAUUAC,(((((((((....))))(((((....)))))(((((....)))))((((....))))))))).,-14.4,1.0,0
80,UACUCGGUCUCUCGAUCCGGUGCACACACCGAGUCUAUUCAGAUUCCGUGACCGCGGGGGUAG,(((((((((....))))(((((....)))))(((((....)))))((((....))))))))).,-19.2,1.0,0
81,UUGUUUUACGCUAGUGAAAAGAUGGGUCUUUGUCGAAACAUCGACGCUGUCGACGGCGGCAGA,...((((((....)))))).((((..((......))..))))....((((((....)))))).,-16.7,0.0322580645161,0
82,UCCUUGGUGAUGACGUCGCAUCAAACGAUGUACCGAGAUCUCGGUUUGUUCGGACAGAAGGAU,(((((..(((((......)))))..(((...(((((....)))))....))).....))))).,-15.5,0.030303030303,0
83,AGCCAGCCACAUUUGGCGAUGUGUUAGCAUUAUAUGUUAACGUGUCUGCGUUUGCAGUGGCUA,(((((((((....))))(((((((((((((...)))))))))))))(((....))).))))).,-22.2,0.047619047619,0
84,UCGUCCUAGUAUUCUAGAGGUGACCACACCUUCUAGUCUCCUGGAUCGGCUCUCCGAGGCGAA,(((((((((....(((((((((....)))).)))))....)))).((((....))))))))).,-21.1,0.0833333333333,0
85,GACACCGCCUUUGGGUGGCAACAGUCGUUGUAAGGAAGGGUCCUUUUGUUCACGCAAGUGUCC,(((((((((....))))(((((....)))))(((((....)))))((((....))))))))).,-19.0,1.0,0
86,GAAGAGGCGUAUUCGCCACCGCAGUUGCGGUUAGGUAAUCGCCUAGAAUACUAGUUCUUUUCG,(((((((((....))))(((((....)))))(((((....)))))((((....))))))))).,-21.5,1.0,0
87,AUCCUGUGUUUGAACGCUGACCGAGAGGUCAAUCUUAGGCAAGAUUCAGGCGUCUGGAGGAUG,(((((((((....))))(((((....)))))(((((....)))))((((....))))))))).,-17.6,1.0,0
88,GAUUUGAGAUCGCUCUCCCUUGUGAGCAAGGGUCCUGGUGAGGACCACUAAUAGGUGAAAUCG,(((((((((....))))(((((....)))))(((((....)))))((((....))))))))).,-20.4,1.0,0
89,UGGUCGCCCACUUGGGCUGUCUGGACAGAUAGCCGGACGGUCGGUAAGUCUCAACUUGACCAU,((((((...(((((((((((((((........))))))))))..))))).......)))))).,-22.8,0.027027027027,0
90,GCUCGGCCACAUCUGGCUAUCCAUUAGGAUAGGCUCCCCCGGGCCGGUCGACUGAUUCGGGUC,(.((((((......(.((((((....)))))).).......)))))).)((((......)))),-23.5,0.0357142857143,0
91,UUGUCUUAGGCUUUUGAAAAGAUGGUUCUUUGUCGAGACAUCGACGCUGUCGUCGGCGGCAGA,.((((((.(((......(((((....))))))))))))))......((((((....)))))).,-16.4,0.0333333333333,0
92,GCGCCGCCACAUAUGGCUAUCAGUUAUGAUAGUAUCAAAGGGUGCUCGGGUGGCCGAGGCGUC,(((((((((....))))(((((....)))))(((((....)))))((((....))))))))).,-23.9,1.0,0
93,UGGCCGCCCACGUGGGCUGUCUGGACAGAUAUCCGAAAGGUCGGGAAGUCUCAGCUUGGCCAU,(((((((((....)))).(.((((((.....(((((....)))))..))).))))..))))).,-23.2,0.047619047619,0
94,GUGUUUUACUCGCGUGAAAGUGAUAACACUUGUCGAUCCAUCGACGCGGUCCUCCGCGGCAUA,((((((((((........))))).)))))..(((((....)))))((((....))))......,-19.0,0.047619047619,0
95,UUGUCUUACUCUUGUGAAAAUAUGGUUGUUUGUCGAAACAUCGACGCUGUCGUCGGCGGCAGA,(((((((((....))))(((((....)))))(((((....)))))((((....))))))))).,-15.5,1.0,0
96,UUCGUCUCCAUAGGGAGGCAACCGUAGUUGUACCGAUUGAUCGGUUUGUAGUAACAAGUGAAC,...((((((....)))))).....((.(((((((((....)))))........)))).))...,-15.4,0.0434782608696,0
97,GAGUUCGCUAUGCAGUGGCAGCAAGGGUUGUACCGUGAUUACGGUCUGUGACGGCAGAACUUU,((((((....(((.((.((((..........(((((....))))))))).)).))))))))).,-18.4,0.0434782608696,0
98,GUAUAGGCUCAAAGGCCGCGAGGAGGCUCGCAAUCUAGGUAGAUUCUUAAUUUUAAGUGUGCG,(((((((((....))))(((((....)))))(((((....)))))((((....))))))))).,-17.5,1.0,0
99,GCAUGGGCUAAUGGGUCUCUUAUUAAUGAGAUUAACUUAGGUUGAUCCGGCUACGGACAUGCU,((((((.((((..((((((........))))))...)))).)...((((....))))))))).,-17.8,0.04,0
100,UAGUCGUAGUAGUCUGCUUUCUGAGGAGAAGCGCUAAUGUUAGCGAUGUUUAUGCAUGACUAC,(((((((((....))))(((((....)))))(((((....)))))((((....))))))))).,-16.9,1.0,0
101,GUAUAGGCUCAAAGGCCGCGAGGAGGCUCGCAAUCUAGGUAGAUUCUGAAUUUUCAGUGUGCG,(((((((((....))))(((((....)))))(((((....)))))((((....))))))))).,-19.8,1.0,0
102,UCGUCUUACUAUGGUGAAAGUGACAACACUUGUUGAUCUAUCGACGCGGCUUGCCGCGGCGAA,(((((((((....))))(((((....)))))(((((....)))))((((....))))))))).,-18.9,1.0,0
103,UACAUCUCCAUAGGGAGGCAGCCGUAGCUGUACUGAUCGUUCAGUUUGCAGUAGCAAGUGUAC,(((((((((....))))(((((....)))))(((((....)))))((((....))))))))).,-20.8,1.0,0
104,GUGUCUUGUUCUCGCGAAAAUGAUCUCAUUUGUCGAUCCAUCGACGCAGUGCUCUGCGGCACA,(((((((((....))))(((((....)))))(((((....)))))((((....))))))))).,-18.8,1.0,0
105,GCCGCGUGUCUAUACGCUGCCGGACAUGGCAUUCGACGGCUCGAACCUGACUUCGGGGCGGCC,(((((((((....))))(((((....)))))(((((....)))))((((....))))))))).,-25.0,1.0,0
106,UACUCGGCUAUAAGGUCGCAACAGUCGUUGUACCGAUGGUUCGGUUUGUUCACGCAAGAGUAC,(((((((((....))))(((((....)))))(((((....)))))((((....))))))))).,-17.4,1.0,0
107,UUGUCUUACUAUAGUGAAAGUGACAACACUUGUGGAUCUAUCCACGCGGCUUGCCGCGGCAAA,(((((((((....))))(((((....)))))(((((....)))))((((....))))))))).,-19.8,1.0,0
108,UACUCGGCGAUGACGUCGCAUCAAACGAUGUACCGAGAUCUCGGUUUGUUCCGGCAGGAGUAU,(((((((((....))))(((((....)))))(((((....)))))((((....))))))))).,-18.1,1.0,0
109,AUCCUGUGUGUAUACGCUGACCAUUGGGUCAAUCUUAUACAAGAUUCAGAGUUCUGAAGGAUA,(((((((((....))))(((((....)))))(((((....)))))((((....))))))))).,-17.6,1.0,0
